# component.no	component.size	component.weight	usedFreqThreshold
1	3	2613	0
2	2	2611	0
3	3	2423	0
4	3	2399	0
5	1	2389	0
6	1	2070	0
7	1	1836	0
8	2	1800	0
9	1	1378	0
10	1	1328	0
11	1	1272	0
12	2	1015	0
13	1	1003	0
14	1	996	0
15	2	961	0
16	1	953	0
17	1	941	0
18	1	813	0
19	1	808	0
20	1	803	0
21	1	797	0
22	2	789	0
23	1	762	0
24	1	748	0
25	1	746	0
26	1	739	0
27	3	730	0
28	1	720	0
29	1	705	0
30	1	699	0
31	1	690	0
32	2	686	0
33	1	682	0
34	1	677	0
35	1	665	0
36	1	663	0
37	1	661	0
38	1	659	0
39	1	658	0
40	1	635	0
41	2	627	0
42	1	626	0
43	1	620	0
44	1	619	0
45	1	598	0
46	1	588	0
47	1	580	0
48	1	577	0
49	1	573	0
50	1	557	0
51	1	548	0
52	1	546	0
53	1	545	0
54	1	536	0
55	1	534	0
56	1	531	0
57	1	528	0
58	1	528	0
59	1	527	0
60	1	526	0
61	2	522	0
62	2	511	0
63	1	506	0
64	1	502	0
65	1	498	0
66	1	497	0
67	1	496	0
68	1	491	0
69	1	479	0
70	1	476	0
71	1	473	0
72	1	472	0
73	1	466	0
74	2	465	0
75	1	458	0
76	1	449	0
77	1	445	0
78	1	437	0
79	2	434	0
80	1	429	0
81	1	429	0
82	1	425	0
83	1	423	0
84	1	422	0
85	1	420	0
86	1	418	0
87	1	417	0
88	1	413	0
89	1	408	0
90	1	408	0
91	2	407	0
92	1	406	0
93	1	404	0
94	3	399	0
95	1	397	0
96	1	394	0
97	1	386	0
98	1	384	0
99	1	383	0
100	1	383	0
101	1	372	0
102	1	366	0
103	1	363	0
104	1	355	0
105	1	354	0
106	1	354	0
107	1	352	0
108	1	351	0
109	1	350	0
110	1	349	0
111	1	332	0
112	1	332	0
113	1	330	0
114	1	328	0
115	1	327	0
116	1	326	0
117	1	319	0
118	1	318	0
119	1	318	0
120	1	316	0
121	1	315	0
122	1	314	0
123	1	314	0
124	1	305	0
125	1	304	0
126	1	304	0
127	1	301	0
128	1	301	0
129	1	297	0
130	1	292	0
131	1	287	0
132	1	285	0
133	1	284	0
134	1	283	0
135	1	281	0
136	1	272	0
137	1	272	0
138	1	272	0
139	1	272	0
140	1	271	0
141	1	271	0
142	1	269	0
143	1	267	0
144	1	265	0
145	1	264	0
146	1	261	0
147	1	260	0
148	1	259	0
149	1	258	0
150	1	255	0
151	1	255	0
152	1	254	0
153	1	251	0
154	1	250	0
155	1	248	0
156	1	247	0
157	1	243	0
158	1	238	0
159	1	238	0
160	1	237	0
161	1	235	0
162	1	233	0
163	1	231	0
164	1	231	0
165	1	230	0
166	1	225	0
167	1	222	0
168	1	218	0
169	1	217	0
170	1	215	0
171	1	215	0
172	1	213	0
173	1	207	0
174	1	201	0
175	1	201	0
176	1	198	0
177	1	196	0
178	1	190	0
179	1	187	0
180	1	183	0
181	1	181	0
182	1	173	0
183	1	171	0
184	1	163	0
185	1	162	0
186	1	150	0
187	1	147	0
188	1	137	0
189	1	131	0
190	1	112	0
191	1	84	0
192	1	83	0
193	1	60	0
