# component.no	component.size	component.weight	component.pivotCnt	component.pivotCnt2	usedFreqThreshold
1	47218	4325894	1020	0	0
2	41408	3775294	3473	0	0
3	41538	3759657	3131	0	0
4	38538	3550762	1759	0	0
5	34659	3144912	1154	0	0
6	33770	3094572	6330	0	0
7	33287	3019610	398	0	0
8	32676	2978036	1643	0	0
9	32045	2917645	1795	0	0
10	31439	2891569	416	0	0
11	29881	2760656	7883	0	0
12	29350	2675609	2582	0	0
13	29154	2642033	552	0	0
14	28235	2597935	1156	0	0
15	28045	2580368	1285	0	0
16	26711	2481454	4844	0	0
17	26211	2393031	2359	0	0
18	25740	2359733	318	0	0
19	25014	2318429	3025	0	0
20	24274	2218887	2283	0	0
21	23872	2208698	4208	0	0
22	23322	2156089	1219	0	0
23	23234	2136029	140	0	0
24	23205	2132909	1034	0	0
25	22434	2063847	2206	0	0
26	22120	2021917	1423	0	0
27	21941	2011089	5692	0	0
28	22088	2005915	4219	0	0
29	21598	1981734	2202	0	0
30	21466	1979851	1124	0	0
31	21765	1970821	1093	0	0
32	21157	1941195	3526	0	0
33	21097	1907635	1010	0	0
34	20705	1905579	4993	0	0
35	20698	1904820	889	0	0
36	20806	1895220	834	0	0
37	20585	1894718	6688	0	0
38	20876	1892428	2927	0	0
39	20301	1861070	184	0	0
40	20320	1848512	1211	0	0
41	20193	1842845	1671	0	0
42	20359	1841752	672	0	0
43	19941	1831784	2184	0	0
44	19746	1826042	1731	0	0
45	20324	1817261	2864	0	0
46	19739	1804432	4514	0	0
47	19191	1753470	1343	0	0
48	19540	1750858	1741	0	0
49	18562	1725416	3028	0	0
50	18482	1722963	1294	0	0
51	18578	1720071	1541	0	0
52	18200	1695583	2374	0	0
53	18528	1692353	1393	0	0
54	17868	1647191	2474	0	0
55	18006	1644003	1725	0	0
56	17457	1603463	3409	0	0
57	17580	1602648	2075	0	0
58	17613	1596203	687	0	0
59	17224	1578412	1760	0	0
60	16834	1556771	1084	0	0
61	17147	1536334	1167	0	0
62	16782	1534203	231	0	0
63	16756	1522068	1086	0	0
64	16594	1480520	1426	0	0
65	16142	1475661	702	0	0
66	16184	1467654	5835	0	0
67	16147	1467180	1672	0	0
68	15550	1449153	3173	0	0
69	16070	1445919	1309	0	0
70	15527	1398482	2172	0	0
71	15186	1396993	483	0	0
72	15109	1394506	1853	0	0
73	15012	1384171	806	0	0
74	14917	1381788	4012	0	0
75	14970	1380276	995	0	0
76	14828	1378494	833	0	0
77	15025	1376450	170	0	0
78	14785	1373870	2755	0	0
79	14987	1352767	1211	0	0
80	14854	1343928	3016	0	0
81	14387	1343626	2142	0	0
82	14777	1342294	687	0	0
83	14978	1339524	724	0	0
84	14530	1318649	3876	0	0
85	14352	1318417	436	0	0
86	14176	1307959	685	0	0
87	14052	1307006	244	0	0
88	13946	1295614	2338	0	0
89	13840	1288515	5495	0	0
90	14204	1285884	1405	0	0
91	13703	1258268	4385	0	0
92	13635	1256948	4523	0	0
93	13629	1248435	1520	0	0
94	13473	1242046	380	0	0
95	13423	1235451	729	0	0
96	13362	1229872	982	0	0
97	13370	1221683	477	0	0
98	13180	1220219	488	0	0
99	13209	1208843	630	0	0
100	12966	1184318	393	0	0
101	12695	1171511	904	0	0
102	13133	1165118	3711	0	0
103	12440	1131724	2054	0	0
104	12192	1131716	2224	0	0
105	12293	1130110	929	0	0
106	12218	1121756	1675	0	0
107	12549	1121057	133	0	0
108	12415	1117524	1547	0	0
109	11812	1111685	2688	0	0
110	12031	1109922	1592	0	0
111	12145	1109442	1922	0	0
112	12119	1103942	528	0	0
113	12027	1095739	1872	0	0
114	12115	1092521	6452	0	0
115	11826	1090246	3005	0	0
116	11993	1085898	987	0	0
117	11643	1068115	2144	0	0
118	11552	1065915	1528	0	0
119	11670	1051165	1523	0	0
120	11559	1047739	576	0	0
121	11302	1042523	3028	0	0
122	11247	1038501	1683	0	0
123	11282	1036921	675	0	0
124	11046	1015800	2263	0	0
125	11332	1015391	4454	0	0
126	11001	1011166	274	0	0
127	11027	1007021	1819	0	0
128	11135	1004473	1134	0	0
129	11013	997528	5290	0	0
130	10630	995273	522	0	0
131	10375	992164	788	0	0
132	10916	989795	1039	0	0
133	10618	983216	2363	0	0
134	10700	981161	1985	0	0
135	10316	964415	3332	0	0
136	10418	957584	520	0	0
137	10428	951989	445	0	0
138	10430	949779	3192	0	0
139	10403	948993	1295	0	0
140	10088	948163	401	0	0
141	10477	944732	3525	0	0
142	10280	931072	1433	0	0
143	9935	927253	1372	0	0
144	9873	911267	2271	0	0
145	9862	910937	2303	0	0
146	9974	903514	484	0	0
147	9962	903339	1081	0	0
148	9795	900551	976	0	0
149	9852	896058	521	0	0
150	9931	894687	3178	0	0
151	9633	894510	407	0	0
152	9739	892426	442	0	0
153	9717	884264	768	0	0
154	9684	883155	1185	0	0
155	9768	882390	1023	0	0
156	9723	874453	358	0	0
157	9668	873701	1055	0	0
158	9617	867852	1854	0	0
159	9574	864763	750	0	0
160	9775	861178	828	0	0
161	9525	859046	1335	0	0
162	9223	857490	2987	0	0
163	9351	853556	825	0	0
164	9287	844480	481	0	0
165	9322	844115	2081	0	0
166	9179	843874	2955	0	0
167	9226	841173	1973	0	0
168	9086	838760	121	0	0
169	8927	837723	2223	0	0
170	9102	837365	422	0	0
171	8922	835772	1690	0	0
172	9001	832826	468	0	0
173	9095	830008	579	0	0
174	8986	824528	1105	0	0
175	8993	821432	312	0	0
176	9013	819818	1849	0	0
177	9061	818145	2164	0	0
178	8981	815944	223	0	0
179	9031	815430	549	0	0
180	9033	813601	1424	0	0
181	8870	812134	1084	0	0
182	8787	808946	243	0	0
183	8767	807497	950	0	0
184	8553	803180	32	0	0
185	8912	802009	266	0	0
186	8455	800120	155	0	0
187	8426	797116	238	0	0
188	8716	792770	2046	0	0
189	8470	787480	1481	0	0
190	8592	787325	2612	0	0
191	8821	785917	2296	0	0
192	8294	785160	628	0	0
193	8559	783204	957	0	0
194	8597	781978	436	0	0
195	8254	773180	1155	0	0
196	8314	762932	852	0	0
197	8480	757069	581	0	0
198	8402	751617	1400	0	0
199	4049	749720	845	0	0
200	8311	748476	224	0	0
201	7422	747017	2532	0	0
202	7987	740469	872	0	0
203	7963	733157	334	0	0
204	8073	731722	1802	0	0
205	8292	730944	488	0	0
206	7928	729072	302	0	0
207	8008	728868	1807	0	0
208	7896	725912	1572	0	0
209	7828	717985	1611	0	0
210	7659	712587	472	0	0
211	7647	711903	2206	0	0
212	7779	707900	908	0	0
213	7595	707240	2361	0	0
214	7644	705482	1447	0	0
215	7524	701256	1110	0	0
216	7363	693133	186	0	0
217	7341	689750	153	0	0
218	7358	689738	63	0	0
219	7597	683074	749	0	0
220	7317	677548	2078	0	0
221	7410	677290	691	0	0
222	7483	676683	1020	0	0
223	7497	675855	823	0	0
224	7297	669179	1389	0	0
225	7177	668223	2280	0	0
226	6979	664009	1030	0	0
227	7260	661665	443	0	0
228	7136	661620	491	0	0
229	6978	652196	4211	0	0
230	7076	645403	1022	0	0
231	7150	641728	1538	0	0
232	7275	640037	2193	0	0
233	6955	636749	1113	0	0
234	7037	635843	839	0	0
235	6695	632802	2432	0	0
236	7047	631931	2154	0	0
237	6907	630663	2348	0	0
238	6707	626509	2898	0	0
239	6846	625564	1148	0	0
240	6970	624406	653	0	0
241	6778	617247	452	0	0
242	6971	614486	528	0	0
243	6818	614336	590	0	0
244	6752	608461	1182	0	0
245	6686	607898	690	0	0
246	6731	605203	732	0	0
247	6751	604267	143	0	0
248	6667	603775	993	0	0
249	6734	602788	3917	0	0
250	6630	599792	443	0	0
251	6421	598909	183	0	0
252	6504	597640	2113	0	0
253	6413	596248	1301	0	0
254	3253	592089	2164	0	0
255	6594	591494	1589	0	0
256	6542	589865	904	0	0
257	6474	584720	783	0	0
258	6400	579933	349	0	0
259	6273	572409	2971	0	0
260	6226	572298	622	0	0
261	5864	571893	164	0	0
262	6272	570353	522	0	0
263	6395	569437	452	0	0
264	6144	568066	829	0	0
265	6150	567038	770	0	0
266	6087	563191	696	0	0
267	21072	554767	8	0	0
268	6094	554602	76	0	0
269	5963	554193	931	0	0
270	6150	553677	1040	0	0
271	5964	553434	1206	0	0
272	5921	544333	1985	0	0
273	5870	542485	1996	0	0
274	5974	540541	2730	0	0
275	5966	539392	1244	0	0
276	5913	538288	682	0	0
277	5852	537403	2138	0	0
278	5775	532858	1555	0	0
279	5732	526569	251	0	0
280	6134	525463	2097	0	0
281	5590	522031	704	0	0
282	5580	521494	282	0	0
283	5635	517624	3403	0	0
284	5643	515933	1716	0	0
285	5478	515856	216	0	0
286	5321	515187	89	0	0
287	5724	513027	1044	0	0
288	5651	512783	506	0	0
289	5613	511518	846	0	0
290	5656	509552	1274	0	0
291	5721	509452	650	0	0
292	5493	508043	887	0	0
293	5518	506922	201	0	0
294	5544	506466	1900	0	0
295	5583	497995	1862	0	0
296	5240	495696	107	0	0
297	5254	492436	1943	0	0
298	5375	487510	1053	0	0
299	5299	486327	118	0	0
300	5295	485751	4032	0	0
301	5319	484528	155	0	0
302	5359	484089	532	0	0
303	5079	482138	1056	0	0
304	5266	476283	407	0	0
305	5164	474880	3475	0	0
306	5145	474632	293	0	0
307	5013	474455	772	0	0
308	5170	474451	1196	0	0
309	5231	471925	542	0	0
310	5198	469940	994	0	0
311	4982	464390	579	0	0
312	5049	464067	2132	0	0
313	4943	463280	629	0	0
314	4957	463157	1530	0	0
315	5040	461446	445	0	0
316	5082	461051	1326	0	0
317	4990	459200	440	0	0
318	5189	459196	438	0	0
319	5159	455699	318	0	0
320	4812	453948	893	0	0
321	4773	453468	935	0	0
322	4927	452924	1693	0	0
323	5009	452634	409	0	0
324	4860	451663	1547	0	0
325	4904	451393	788	0	0
326	5013	448979	568	0	0
327	4873	444541	465	0	0
328	4669	443473	752	0	0
329	4860	443370	349	0	0
330	4550	443146	138	0	0
331	4568	443135	3622	0	0
332	4888	441124	753	0	0
333	4833	438528	738	0	0
334	4758	437941	1492	0	0
335	4684	435241	477	0	0
336	4609	435085	1462	0	0
337	4674	432013	829	0	0
338	4437	429945	1266	0	0
339	4705	428999	980	0	0
340	4826	428271	1067	0	0
341	4447	424423	1760	0	0
342	4559	422927	870	0	0
343	4616	422075	535	0	0
344	4520	420338	598	0	0
345	4296	419200	394	0	0
346	4667	417881	2263	0	0
347	4481	416655	1481	0	0
348	4581	414742	418	0	0
349	4420	414717	2130	0	0
350	4584	412216	363	0	0
351	4563	411508	668	0	0
352	4456	411397	873	0	0
353	4401	410785	952	0	0
354	4232	410153	1014	0	0
355	3748	409136	2771	0	0
356	4573	408928	262	0	0
357	4460	408024	1224	0	0
358	4425	404754	1014	0	0
359	4515	404399	1223	0	0
360	4194	403625	767	0	0
361	4685	402116	4685	0	0
362	4334	399891	1000	0	0
363	4485	397667	785	0	0
364	4328	396720	2090	0	0
365	4320	395887	325	0	0
366	4225	394743	833	0	0
367	4224	392459	360	0	0
368	4342	391795	291	0	0
369	3992	391194	1396	0	0
370	4389	389528	389	0	0
371	4130	388149	605	0	0
372	4230	388083	281	0	0
373	4387	386812	680	0	0
374	4128	386252	582	0	0
375	4058	385573	340	0	0
376	4201	381548	2131	0	0
377	4142	378533	445	0	0
378	4136	377838	105	0	0
379	4257	376886	177	0	0
380	4017	376140	606	0	0
381	4130	376109	1024	0	0
382	4122	375042	3436	0	0
383	4135	374669	1171	0	0
384	4032	373097	1402	0	0
385	3946	372323	1261	0	0
386	3918	372101	174	0	0
387	3999	371893	1168	0	0
388	4068	369802	3817	0	0
389	3993	369258	398	0	0
390	4027	366504	266	0	0
391	2035	365729	548	0	0
392	4044	365540	862	0	0
393	4046	365017	410	0	0
394	3892	364051	931	0	0
395	3958	363865	1942	0	0
396	3800	361906	1384	0	0
397	3816	361806	1173	0	0
398	3978	360843	721	0	0
399	4072	360731	1154	0	0
400	3826	360580	188	0	0
401	3833	355419	745	0	0
402	3766	353485	799	0	0
403	3903	353446	583	0	0
404	3828	351807	1493	0	0
405	3762	351058	586	0	0
406	3781	349804	1769	0	0
407	3757	348948	735	0	0
408	3872	345871	341	0	0
409	3769	345719	789	0	0
410	3648	345164	350	0	0
411	3752	343707	640	0	0
412	3687	343707	1213	0	0
413	3658	342369	1233	0	0
414	3662	342057	1562	0	0
415	3788	341884	825	0	0
416	3606	340535	833	0	0
417	3644	339998	420	0	0
418	3642	337779	995	0	0
419	3598	337680	936	0	0
420	3634	337581	273	0	0
421	3625	337219	313	0	0
422	3765	334304	849	0	0
423	3503	330598	1037	0	0
424	3492	330259	990	0	0
425	3564	329894	334	0	0
426	3564	328991	850	0	0
427	3679	328717	579	0	0
428	3677	328470	1377	0	0
429	3454	327794	828	0	0
430	3435	327246	765	0	0
431	3586	324900	1243	0	0
432	3523	322222	477	0	0
433	3341	321721	697	0	0
434	3450	321337	1038	0	0
435	3491	319022	1032	0	0
436	3218	318080	1829	0	0
437	3241	315383	683	0	0
438	3427	314311	455	0	0
439	3347	314231	231	0	0
440	3330	312444	1462	0	0
441	3431	311915	558	0	0
442	3369	310939	1173	0	0
443	3155	308747	91	0	0
444	3316	308394	157	0	0
445	3478	307773	214	0	0
446	3289	307684	674	0	0
447	3274	307093	262	0	0
448	3460	306978	361	0	0
449	3358	306630	1946	0	0
450	3230	305622	1449	0	0
451	3445	302442	1570	0	0
452	3273	298984	409	0	0
453	3240	298118	1044	0	0
454	3331	296791	912	0	0
455	2605	296356	365	0	0
456	3313	295787	611	0	0
457	3286	295480	558	0	0
458	3219	294324	843	0	0
459	3249	292848	147	0	0
460	3224	291894	106	0	0
461	3161	289934	925	0	0
462	3065	287515	1258	0	0
463	793	287387	100	0	0
464	3039	287149	1726	0	0
465	3019	286775	1696	0	0
466	3073	285613	387	0	0
467	3044	284946	497	0	0
468	3018	284817	1085	0	0
469	3176	284223	365	0	0
470	3095	283985	316	0	0
471	3091	283367	1470	0	0
472	3116	280329	111	0	0
473	3073	278104	794	0	0
474	3193	275908	353	0	0
475	3077	274927	664	0	0
476	3031	274428	754	0	0
477	2855	270926	1044	0	0
478	2920	270358	1378	0	0
479	2683	270245	2421	0	0
480	2942	268570	1102	0	0
481	1752	268268	1006	0	0
482	2884	267682	167	0	0
483	2989	267243	2989	0	0
484	2762	264618	1738	0	0
485	2948	263523	1206	0	0
486	2574	261903	1028	0	0
487	8951	259880	1	0	0
488	2913	258310	1170	0	0
489	2830	256696	757	0	0
490	2901	256528	659	0	0
491	2755	253678	329	0	0
492	2643	253296	678	0	0
493	2878	250814	944	0	0
494	2516	249506	629	0	0
495	2587	249344	504	0	0
496	2708	248912	216	0	0
497	2596	244309	333	0	0
498	2678	241478	170	0	0
499	2573	239640	330	0	0
500	2526	239031	174	0	0
501	2556	238358	953	0	0
502	2542	237976	652	0	0
503	2498	235284	453	0	0
504	2449	234414	279	0	0
505	2603	233187	873	0	0
506	2407	232162	256	0	0
507	2621	231322	1742	0	0
508	2720	231061	331	0	0
509	2521	230916	775	0	0
510	2503	229011	176	0	0
511	2472	228520	350	0	0
512	2389	227368	1325	0	0
513	2492	225510	771	0	0
514	655	224664	66	0	0
515	2501	223489	499	0	0
516	2358	223116	602	0	0
517	2368	220990	1435	0	0
518	2409	217253	438	0	0
519	2431	216270	471	0	0
520	2352	216043	1110	0	0
521	2533	215242	359	0	0
522	2306	214166	525	0	0
523	2343	213986	997	0	0
524	2236	213112	303	0	0
525	2282	210634	648	0	0
526	2325	209323	456	0	0
527	2298	207461	62	0	0
528	2276	206803	454	0	0
529	2389	205267	72	0	0
530	2320	204688	317	0	0
531	2199	203841	488	0	0
532	2289	203549	1388	0	0
533	2277	202634	158	0	0
534	2255	202258	391	0	0
535	2170	200812	661	0	0
536	2223	200131	316	0	0
537	2104	199911	1388	0	0
538	2194	198716	478	0	0
539	2137	197410	287	0	0
540	7274	196990	3	0	0
541	2261	196541	748	0	0
542	2142	196276	120	0	0
543	2254	195605	212	0	0
544	2194	194657	1268	0	0
545	2060	194281	353	0	0
546	1960	193329	741	0	0
547	2146	192263	71	0	0
548	2066	191769	286	0	0
549	2122	191401	533	0	0
550	1959	190536	1343	0	0
551	2101	190001	155	0	0
552	1989	188672	379	0	0
553	1048	188430	660	0	0
554	1959	187619	475	0	0
555	2039	187514	768	0	0
556	1912	187289	343	0	0
557	2043	186965	186	0	0
558	1942	185830	503	0	0
559	1752	185714	426	0	0
560	1960	184852	103	0	0
561	2075	184314	772	0	0
562	1978	182422	474	0	0
563	2001	182304	155	0	0
564	1932	182072	432	0	0
565	1919	181288	473	0	0
566	2011	179986	467	0	0
567	1865	179671	1565	0	0
568	1949	178644	1340	0	0
569	454	178553	454	0	0
570	1901	177875	410	0	0
571	1961	177352	215	0	0
572	1848	176889	465	0	0
573	1943	176285	275	0	0
574	1917	176213	1026	0	0
575	1926	175396	494	0	0
576	1837	175050	349	0	0
577	1893	174462	256	0	0
578	1765	173283	190	0	0
579	1864	171963	700	0	0
580	977	171877	97	0	0
581	1920	171556	261	0	0
582	1888	171359	392	0	0
583	1815	170955	301	0	0
584	1796	168366	217	0	0
585	1873	167670	1177	0	0
586	1838	167362	329	0	0
587	443	167291	206	0	0
588	1751	166485	234	0	0
589	1862	165301	1541	0	0
590	1798	164609	613	0	0
591	1782	164152	806	0	0
592	1716	163780	755	0	0
593	1815	163027	1815	0	0
594	1740	162733	1636	0	0
595	647	162539	131	0	0
596	1703	162003	1298	0	0
597	1757	161985	809	0	0
598	1666	160378	65	0	0
599	883	159113	521	0	0
600	1713	157240	226	0	0
601	1778	157232	181	0	0
602	1713	156423	1056	0	0
603	1680	156006	196	0	0
604	1642	155805	306	0	0
605	1543	155703	1020	0	0
606	1679	154562	312	0	0
607	555	154549	59	0	0
608	5527	153345	22	0	0
609	1609	153262	1069	0	0
610	1631	152646	360	0	0
611	1620	152645	90	0	0
612	1649	151868	1526	0	0
613	1621	151084	369	0	0
614	1669	149952	321	0	0
615	1634	147658	175	0	0
616	1582	146580	708	0	0
617	1586	146153	490	0	0
618	1637	146015	1609	0	0
619	1526	144128	615	0	0
620	830	142841	197	0	0
621	1641	142293	469	0	0
622	789	141150	629	0	0
623	1600	141118	229	0	0
624	1549	139269	528	0	0
625	1510	138214	459	0	0
626	1491	137663	62	0	0
627	1468	136247	667	0	0
628	1421	135906	781	0	0
629	1379	133529	364	0	0
630	1529	132770	611	0	0
631	1531	132570	570	0	0
632	1382	131868	155	0	0
633	1454	130920	666	0	0
634	1409	130900	460	0	0
635	1383	130789	472	0	0
636	1368	127975	353	0	0
637	1435	127056	627	0	0
638	1420	127020	425	0	0
639	1426	126825	439	0	0
640	1435	126204	759	0	0
641	703	125672	703	0	0
642	1395	125273	291	0	0
643	1359	124260	269	0	0
644	1350	123050	511	0	0
645	1328	122754	194	0	0
646	1363	122140	521	0	0
647	1376	122083	141	0	0
648	341	121965	341	0	0
649	1298	120390	491	0	0
650	1059	120279	686	0	0
651	1308	118527	519	0	0
652	1221	117059	346	0	0
653	1260	117028	721	0	0
654	1263	115911	12	0	0
655	1272	115705	1272	0	0
656	1259	115397	741	0	0
657	1249	115202	1014	0	0
658	1228	115033	127	0	0
659	331	114831	331	0	0
660	1264	114186	427	0	0
661	633	113462	132	0	0
662	1269	113378	101	0	0
663	630	113215	405	0	0
664	1168	113057	562	0	0
665	1201	112001	260	0	0
666	1181	111609	1181	0	0
667	1414	111266	688	0	0
668	169	111110	29	0	0
669	1152	111089	1075	0	0
670	370	110900	80	0	0
671	1169	109731	1169	0	0
672	289	109704	136	0	0
673	1133	109345	190	0	0
674	1167	108528	31	0	0
675	752	107462	313	0	0
676	1153	107041	492	0	0
677	1184	106941	798	0	0
678	570	106931	308	0	0
679	1182	106845	33	0	0
680	1172	106157	112	0	0
681	1142	105140	1142	0	0
682	1146	105094	455	0	0
683	596	105020	57	0	0
684	1066	104909	394	0	0
685	285	104878	50	0	0
686	1206	104676	717	0	0
687	765	104643	765	0	0
688	1074	104214	302	0	0
689	398	104084	195	0	0
690	1111	103788	300	0	0
691	554	103506	554	0	0
692	1135	103159	576	0	0
693	1073	102701	26	0	0
694	1095	102466	1095	0	0
695	1077	102145	251	0	0
696	537	100836	537	0	0
697	1068	99873	274	0	0
698	951	98268	684	0	0
699	359	98235	359	0	0
700	1036	97572	90	0	0
701	1057	97385	29	0	0
702	1056	96566	71	0	0
703	538	96236	281	0	0
704	1122	95581	31	0	0
705	647	95080	122	0	0
706	511	94253	34	0	0
707	1052	92713	325	0	0
708	916	92524	916	0	0
709	945	91311	482	0	0
710	635	90632	92	0	0
711	796	90592	791	0	0
712	947	90567	62	0	0
713	590	90014	65	0	0
714	965	89124	236	0	0
715	932	88577	158	0	0
716	911	88176	62	0	0
717	985	87551	309	0	0
718	890	86820	255	0	0
719	955	86785	278	0	0
720	953	86697	310	0	0
721	895	86541	93	0	0
722	906	86019	906	0	0
723	317	85676	12	0	0
724	896	85601	453	0	0
725	935	85345	935	0	0
726	923	84640	195	0	0
727	956	84579	159	0	0
728	502	84548	180	0	0
729	902	84443	317	0	0
730	895	83865	171	0	0
731	860	83376	280	0	0
732	950	82721	127	0	0
733	882	82588	408	0	0
734	294	82562	167	0	0
735	914	82145	458	0	0
736	871	81027	242	0	0
737	818	79215	818	0	0
738	451	78902	122	0	0
739	909	78544	909	0	0
740	950	78043	125	0	0
741	845	77922	845	0	0
742	716	77199	80	0	0
743	745	76080	10	0	0
744	232	76076	232	0	0
745	843	75640	310	0	0
746	655	75179	370	0	0
747	412	74831	412	0	0
748	406	74742	406	0	0
749	902	74677	459	0	0
750	852	74332	179	0	0
751	2803	74270	3	0	0
752	823	73983	67	0	0
753	274	73332	159	0	0
754	235	72310	133	0	0
755	740	71937	117	0	0
756	744	71930	104	0	0
757	410	71526	46	0	0
758	800	70899	315	0	0
759	280	70449	111	0	0
760	749	70355	749	0	0
761	111	70352	111	0	0
762	786	70174	69	0	0
763	279	69947	99	0	0
764	265	69833	265	0	0
765	742	69623	31	0	0
766	524	69441	212	0	0
767	379	69386	59	0	0
768	692	69287	138	0	0
769	2409	69129	21	0	0
770	370	68494	66	0	0
771	245	68384	245	0	0
772	775	68199	775	0	0
773	602	66814	329	0	0
774	677	66793	354	0	0
775	749	66730	534	0	0
776	692	65813	212	0	0
777	626	64568	123	0	0
778	710	64325	114	0	0
779	238	64075	129	0	0
780	234	62753	41	0	0
781	705	62346	574	0	0
782	358	62339	156	0	0
783	691	62175	252	0	0
784	158	61385	158	0	0
785	668	61316	97	0	0
786	719	61313	282	0	0
787	654	60733	654	0	0
788	181	60659	37	0	0
789	698	60255	179	0	0
790	322	60030	322	0	0
791	92	59596	59	0	0
792	350	59128	126	0	0
793	631	59120	631	0	0
794	538	58928	171	0	0
795	601	58831	15	0	0
796	211	58596	31	0	0
797	580	58532	261	0	0
798	627	58472	138	0	0
799	643	58116	354	0	0
800	112	58098	40	0	0
801	208	58011	79	0	0
802	207	57491	207	0	0
803	101	57324	101	0	0
804	520	57068	69	0	0
805	92	56857	92	0	0
806	568	56501	431	0	0
807	150	55783	150	0	0
808	102	55518	36	0	0
809	351	55489	149	0	0
810	105	55264	30	0	0
811	598	54795	139	0	0
812	376	54499	129	0	0
813	542	54479	191	0	0
814	561	54411	561	0	0
815	338	54216	193	0	0
816	286	54076	286	0	0
817	141	54051	141	0	0
818	243	53470	243	0	0
819	583	53424	166	0	0
820	179	53260	179	0	0
821	85	53157	85	0	0
822	79	52603	24	0	0
823	161	52454	31	0	0
824	557	52240	131	0	0
825	463	51887	457	0	0
826	63	51342	63	0	0
827	1978	51169	11	0	0
828	545	51139	144	0	0
829	177	51082	54	0	0
830	567	50746	567	0	0
831	296	50030	24	0	0
832	53	49870	53	0	0
833	516	49711	516	0	0
834	277	49517	253	0	0
835	390	49223	390	0	0
836	53	48960	53	0	0
837	519	48826	88	0	0
838	262	48642	262	0	0
839	524	48635	302	0	0
840	128	48606	128	0	0
841	557	48580	355	0	0
842	59	48572	59	0	0
843	524	48475	157	0	0
844	536	48453	407	0	0
845	159	48387	159	0	0
846	533	48094	240	0	0
847	383	47624	115	0	0
848	172	47178	172	0	0
849	562	47090	86	0	0
850	136	46861	136	0	0
851	374	46584	374	0	0
852	252	45891	252	0	0
853	502	45816	267	0	0
854	247	45591	247	0	0
855	211	45586	98	0	0
856	536	45533	29	0	0
857	503	44805	155	0	0
858	360	44645	253	0	0
859	70	44219	70	0	0
860	89	44197	31	0	0
861	439	44166	439	0	0
862	80	44115	80	0	0
863	520	44040	378	0	0
864	148	43982	148	0	0
865	459	43896	452	0	0
866	81	43785	81	0	0
867	232	43379	232	0	0
868	523	43119	523	0	0
869	189	43020	63	0	0
870	51	42843	51	0	0
871	246	42790	68	0	0
872	166	42714	166	0	0
873	450	42623	61	0	0
874	223	42580	95	0	0
875	302	42502	302	0	0
876	266	42167	140	0	0
877	257	41954	102	0	0
878	337	41831	337	0	0
879	117	41512	117	0	0
880	441	41251	159	0	0
881	432	41195	12	0	0
882	367	41063	100	0	0
883	48	40938	48	0	0
884	428	40637	134	0	0
885	37	40593	37	0	0
886	43	40481	43	0	0
887	418	40156	418	0	0
888	434	39837	434	0	0
889	44	39797	44	0	0
890	401	39785	401	0	0
891	79	39707	31	0	0
892	64	39090	64	0	0
893	228	38745	35	0	0
894	351	38713	241	0	0
895	358	38701	60	0	0
896	249	38658	249	0	0
897	118	38284	118	0	0
898	42	37883	42	0	0
899	415	37659	415	0	0
900	58	37578	52	0	0
901	28	37526	28	0	0
902	369	37461	369	0	0
903	284	37133	4	0	0
904	208	37107	147	0	0
905	414	36812	12	0	0
906	86	36585	86	0	0
907	234	36577	84	0	0
908	402	36557	402	0	0
909	215	36547	215	0	0
910	427	36377	160	0	0
911	280	36367	173	0	0
912	356	36219	356	0	0
913	358	36029	358	0	0
914	31	35409	31	0	0
915	233	35154	233	0	0
916	366	35138	366	0	0
917	345	35009	345	0	0
918	371	34885	371	0	0
919	362	34862	204	0	0
920	316	34814	74	0	0
921	81	34722	31	0	0
922	52	34671	52	0	0
923	195	34653	195	0	0
924	121	34653	31	0	0
925	353	34599	353	0	0
926	255	34356	118	0	0
927	134	34323	16	0	0
928	90	34252	90	0	0
929	50	34242	50	0	0
930	196	34081	91	0	0
931	184	33627	184	0	0
932	192	33528	192	0	0
933	140	33162	140	0	0
934	174	33051	174	0	0
935	117	32864	117	0	0
936	137	32776	137	0	0
937	329	32424	329	0	0
938	344	32385	138	0	0
939	91	32160	91	0	0
940	265	32158	265	0	0
941	343	31992	31	0	0
942	210	31969	101	0	0
943	28	31870	28	0	0
944	201	31855	201	0	0
945	352	31771	134	0	0
946	349	31748	113	0	0
947	362	31519	101	0	0
948	349	31407	349	0	0
949	204	31317	55	0	0
950	46	31190	43	0	0
951	55	31149	55	0	0
952	137	31056	137	0	0
953	88	30830	88	0	0
954	294	30757	294	0	0
955	72	30686	32	0	0
956	120	30592	10	0	0
957	79	30392	79	0	0
958	91	30389	13	0	0
959	184	30244	184	0	0
960	345	30235	157	0	0
961	149	30188	149	0	0
962	25	29769	25	0	0
963	310	29643	310	0	0
964	288	29636	288	0	0
965	275	29357	275	0	0
966	23	29246	23	0	0
967	104	29129	104	0	0
968	216	29020	71	0	0
969	165	29017	165	0	0
970	155	28942	155	0	0
971	116	28767	116	0	0
972	346	28639	123	0	0
973	257	28473	257	0	0
974	295	28446	191	0	0
975	31	28434	31	0	0
976	169	28405	52	0	0
977	43	28353	43	0	0
978	58	28284	58	0	0
979	216	28167	216	0	0
980	69	28083	69	0	0
981	34	28058	34	0	0
982	323	28048	119	0	0
983	31	28041	31	0	0
984	104	27999	65	0	0
985	119	27522	119	0	0
986	144	27479	40	0	0
987	98	27423	31	0	0
988	97	27348	31	0	0
989	161	27327	56	0	0
990	142	26980	142	0	0
991	99	26966	43	0	0
992	53	26946	29	0	0
993	74	26938	74	0	0
994	59	26821	59	0	0
995	151	26710	151	0	0
996	19	26659	19	0	0
997	140	26423	136	0	0
998	102	26400	102	0	0
999	122	26347	122	0	0
1000	28	26341	28	0	0
1001	222	26310	222	0	0
1002	282	26301	240	0	0
1003	304	26131	89	0	0
1004	273	26100	273	0	0
1005	160	26060	160	0	0
1006	287	25974	287	0	0
1007	101	25968	101	0	0
1008	31	25965	31	0	0
1009	176	25893	176	0	0
1010	49	25800	31	0	0
1011	107	25791	107	0	0
1012	265	25789	198	0	0
1013	104	25747	104	0	0
1014	28	25722	28	0	0
1015	277	25620	90	0	0
1016	262	25551	262	0	0
1017	313	25546	313	0	0
1018	92	25522	31	0	0
1019	233	25486	227	0	0
1020	29	25480	29	0	0
1021	286	25392	31	0	0
1022	74	25321	74	0	0
1023	130	25301	130	0	0
1024	30	25282	30	0	0
1025	256	25253	256	0	0
1026	122	25240	122	0	0
1027	68	25215	68	0	0
1028	250	25111	250	0	0
1029	126	25099	31	0	0
1030	263	25089	157	0	0
1031	28	25082	28	0	0
1032	293	25080	293	0	0
1033	263	24975	199	0	0
1034	120	24885	120	0	0
1035	79	24763	79	0	0
1036	38	24725	38	0	0
1037	290	24707	60	0	0
1038	210	24655	54	0	0
1039	132	24639	132	0	0
1040	126	24570	93	0	0
1041	133	24567	90	0	0
1042	56	24531	56	0	0
1043	200	24523	58	0	0
1044	263	24492	3	0	0
1045	235	24397	45	0	0
1046	253	24377	253	0	0
1047	89	24376	89	0	0
1048	30	24233	30	0	0
1049	21	24044	21	0	0
1050	234	23961	234	0	0
1051	182	23825	62	0	0
1052	95	23778	95	0	0
1053	106	23769	106	0	0
1054	48	23755	48	0	0
1055	251	23754	251	0	0
1056	84	23520	84	0	0
1057	133	23420	133	0	0
1058	271	23239	271	0	0
1059	251	23219	251	0	0
1060	144	23196	144	0	0
1061	42	22947	42	0	0
1062	42	22926	42	0	0
1063	36	22812	36	0	0
1064	172	22562	52	0	0
1065	178	22541	116	0	0
1066	232	22509	232	0	0
1067	109	22483	109	0	0
1068	24	22474	24	0	0
1069	158	22386	158	0	0
1070	24	22196	24	0	0
1071	170	22190	170	0	0
1072	247	22160	247	0	0
1073	255	21997	31	0	0
1074	100	21981	100	0	0
1075	20	21960	20	0	0
1076	237	21934	237	0	0
1077	75	21904	55	0	0
1078	230	21874	68	0	0
1079	40	21862	40	0	0
1080	237	21854	126	0	0
1081	66	21783	66	0	0
1082	26	21734	26	0	0
1083	32	21550	32	0	0
1084	241	21476	241	0	0
1085	117	21443	117	0	0
1086	35	21385	35	0	0
1087	23	21322	23	0	0
1088	215	21211	215	0	0
1089	235	21106	58	0	0
1090	110	21072	110	0	0
1091	23	21053	23	0	0
1092	116	21042	116	0	0
1093	210	21034	64	0	0
1094	234	21002	234	0	0
1095	91	20891	91	0	0
1096	168	20859	168	0	0
1097	244	20849	80	0	0
1098	190	20824	48	0	0
1099	126	20759	126	0	0
1100	40	20708	40	0	0
1101	101	20691	101	0	0
1102	22	20685	22	0	0
1103	217	20680	81	0	0
1104	131	20592	131	0	0
1105	63	20521	63	0	0
1106	22	20502	22	0	0
1107	212	20498	212	0	0
1108	109	20496	109	0	0
1109	188	20491	88	0	0
1110	77	20484	77	0	0
1111	127	20462	127	0	0
1112	233	20450	233	0	0
1113	67	20426	67	0	0
1114	105	20405	105	0	0
1115	198	20326	198	0	0
1116	63	20317	63	0	0
1117	182	20187	46	0	0
1118	84	20160	44	0	0
1119	103	20086	103	0	0
1120	217	20004	217	0	0
1121	57	19935	57	0	0
1122	224	19907	224	0	0
1123	206	19857	206	0	0
1124	95	19820	95	0	0
1125	80	19811	80	0	0
1126	218	19765	32	0	0
1127	113	19759	113	0	0
1128	110	19758	37	0	0
1129	23	19631	23	0	0
1130	134	19592	134	0	0
1131	33	19588	33	0	0
1132	23	19585	23	0	0
1133	106	19519	106	0	0
1134	208	19482	208	0	0
1135	93	19471	31	0	0
1136	59	19466	59	0	0
1137	229	19455	42	0	0
1138	14	19345	14	0	0
1139	210	19243	2	0	0
1140	34	19231	34	0	0
1141	51	19230	51	0	0
1142	201	19143	29	0	0
1143	196	19065	196	0	0
1144	52	18960	52	0	0
1145	80	18887	80	0	0
1146	229	18845	80	0	0
1147	102	18723	102	0	0
1148	195	18721	195	0	0
1149	147	18715	64	0	0
1150	13	18698	13	0	0
1151	144	18666	94	0	0
1152	42	18636	32	0	0
1153	109	18610	109	0	0
1154	99	18579	99	0	0
1155	153	18546	153	0	0
1156	201	18408	201	0	0
1157	131	18399	131	0	0
1158	185	18355	174	0	0
1159	204	18343	31	0	0
1160	31	18251	31	0	0
1161	96	18195	96	0	0
1162	97	18174	58	0	0
1163	68	18024	68	0	0
1164	147	17912	116	0	0
1165	147	17838	147	0	0
1166	131	17752	108	0	0
1167	84	17737	84	0	0
1168	22	17715	22	0	0
1169	64	17686	64	0	0
1170	65	17671	65	0	0
1171	54	17622	54	0	0
1172	19	17606	19	0	0
1173	57	17605	57	0	0
1174	42	17550	42	0	0
1175	111	17460	111	0	0
1176	95	17401	95	0	0
1177	73	17393	73	0	0
1178	23	17390	11	0	0
1179	131	17351	26	0	0
1180	187	17329	187	0	0
1181	48	17298	48	0	0
1182	43	17175	43	0	0
1183	41	17122	41	0	0
1184	21	17104	21	0	0
1185	173	16836	31	0	0
1186	116	16697	105	0	0
1187	141	16598	141	0	0
1188	60	16598	60	0	0
1189	132	16546	132	0	0
1190	146	16528	146	0	0
1191	173	16502	126	0	0
1192	23	16470	23	0	0
1193	31	16457	31	0	0
1194	74	16454	74	0	0
1195	93	16411	93	0	0
1196	57	16349	57	0	0
1197	85	16298	85	0	0
1198	47	16292	47	0	0
1199	45	16289	45	0	0
1200	72	16266	72	0	0
1201	70	16259	50	0	0
1202	34	16252	34	0	0
1203	77	16244	77	0	0
1204	184	16223	161	0	0
1205	34	16221	34	0	0
1206	20	16186	20	0	0
1207	122	16139	78	0	0
1208	126	16094	62	0	0
1209	113	16054	30	0	0
1210	161	16036	161	0	0
1211	81	16035	81	0	0
1212	82	16019	82	0	0
1213	80	16009	80	0	0
1214	77	15949	77	0	0
1215	92	15944	92	0	0
1216	13	15933	13	0	0
1217	44	15913	44	0	0
1218	14	15853	14	0	0
1219	49	15847	49	0	0
1220	156	15838	148	0	0
1221	39	15817	39	0	0
1222	154	15793	154	0	0
1223	26	15752	26	0	0
1224	140	15532	15	0	0
1225	40	15521	27	0	0
1226	115	15461	82	0	0
1227	29	15455	29	0	0
1228	165	15453	165	0	0
1229	18	15415	18	0	0
1230	110	15411	110	0	0
1231	40	15407	40	0	0
1232	153	15401	32	0	0
1233	165	15344	165	0	0
1234	66	15269	66	0	0
1235	156	15261	156	0	0
1236	146	15243	31	0	0
1237	108	15233	108	0	0
1238	90	15183	90	0	0
1239	72	15145	72	0	0
1240	96	15118	96	0	0
1241	27	15060	12	0	0
1242	161	15046	161	0	0
1243	25	15037	25	0	0
1244	29	15011	29	0	0
1245	126	14984	126	0	0
1246	125	14946	125	0	0
1247	124	14906	124	0	0
1248	32	14848	32	0	0
1249	120	14834	120	0	0
1250	80	14810	64	0	0
1251	53	14805	53	0	0
1252	134	14758	75	0	0
1253	166	14746	166	0	0
1254	162	14734	162	0	0
1255	76	14688	76	0	0
1256	130	14606	130	0	0
1257	17	14594	17	0	0
1258	48	14593	31	0	0
1259	18	14583	18	0	0
1260	51	14568	51	0	0
1261	69	14545	69	0	0
1262	93	14527	71	0	0
1263	75	14519	75	0	0
1264	120	14508	120	0	0
1265	160	14467	25	0	0
1266	151	14436	42	0	0
1267	10	14435	10	0	0
1268	72	14407	72	0	0
1269	139	14367	139	0	0
1270	154	14327	46	0	0
1271	79	14310	79	0	0
1272	149	14308	148	0	0
1273	81	14219	61	0	0
1274	121	14173	72	0	0
1275	133	14127	133	0	0
1276	148	14111	24	0	0
1277	19	14107	19	0	0
1278	142	14086	142	0	0
1279	30	14070	30	0	0
1280	90	14061	71	0	0
1281	165	14058	165	0	0
1282	151	14042	151	0	0
1283	119	14010	76	0	0
1284	22	14004	22	0	0
1285	79	14002	79	0	0
1286	137	13993	137	0	0
1287	24	13992	24	0	0
1288	81	13977	81	0	0
1289	44	13973	44	0	0
1290	48	13964	48	0	0
1291	31	13943	31	0	0
1292	51	13906	31	0	0
1293	87	13859	87	0	0
1294	57	13822	55	0	0
1295	27	13818	27	0	0
1296	48	13793	48	0	0
1297	146	13691	146	0	0
1298	21	13643	21	0	0
1299	145	13532	145	0	0
1300	38	13522	31	0	0
1301	71	13513	71	0	0
1302	8	13465	8	0	0
1303	59	13452	59	0	0
1304	25	13446	25	0	0
1305	95	13435	43	0	0
1306	14	13407	14	0	0
1307	8	13391	8	0	0
1308	87	13383	31	0	0
1309	169	13381	169	0	0
1310	136	13379	136	0	0
1311	78	13323	78	0	0
1312	66	13319	66	0	0
1313	60	13318	52	0	0
1314	138	13282	138	0	0
1315	100	13252	100	0	0
1316	63	13248	63	0	0
1317	82	13219	82	0	0
1318	155	13207	155	0	0
1319	19	13189	19	0	0
1320	134	13177	134	0	0
1321	43	13167	43	0	0
1322	27	13119	27	0	0
1323	47	13114	47	0	0
1324	133	12981	133	0	0
1325	58	12895	45	0	0
1326	133	12865	106	0	0
1327	33	12833	33	0	0
1328	33	12828	33	0	0
1329	87	12763	85	0	0
1330	15	12732	15	0	0
1331	125	12670	56	0	0
1332	93	12617	93	0	0
1333	142	12598	142	0	0
1334	26	12563	26	0	0
1335	9	12558	9	0	0
1336	69	12542	38	0	0
1337	134	12525	134	0	0
1338	130	12505	130	0	0
1339	120	12468	120	0	0
1340	47	12413	31	0	0
1341	18	12405	18	0	0
1342	23	12342	23	0	0
1343	47	12324	47	0	0
1344	118	12293	118	0	0
1345	46	12278	46	0	0
1346	46	12235	46	0	0
1347	121	12204	121	0	0
1348	111	12177	111	0	0
1349	35	12177	35	0	0
1350	79	12142	68	0	0
1351	127	12099	127	0	0
1352	10	12048	10	0	0
1353	44	12046	44	0	0
1354	99	12036	99	0	0
1355	46	11988	46	0	0
1356	97	11977	97	0	0
1357	22	11967	22	0	0
1358	145	11954	118	0	0
1359	81	11909	31	0	0
1360	66	11905	66	0	0
1361	115	11890	70	0	0
1362	91	11876	91	0	0
1363	31	11858	31	0	0
1364	98	11844	98	0	0
1365	18	11786	18	0	0
1366	61	11737	61	0	0
1367	76	11725	76	0	0
1368	20	11669	20	0	0
1369	42	11659	42	0	0
1370	51	11624	51	0	0
1371	31	11596	31	0	0
1372	17	11531	17	0	0
1373	31	11523	31	0	0
1374	7	11504	7	0	0
1375	57	11496	26	0	0
1376	116	11427	99	0	0
1377	121	11416	121	0	0
1378	42	11403	42	0	0
1379	108	11391	108	0	0
1380	118	11383	108	0	0
1381	43	11362	12	0	0
1382	42	11318	42	0	0
1383	136	11300	136	0	0
1384	24	11275	24	0	0
1385	111	11263	111	0	0
1386	98	11252	53	0	0
1387	25	11244	25	0	0
1388	29	11235	29	0	0
1389	10	11226	10	0	0
1390	80	11165	72	0	0
1391	10	11164	10	0	0
1392	133	11159	39	0	0
1393	74	11136	48	0	0
1394	112	11134	101	0	0
1395	65	11113	65	0	0
1396	76	11109	40	0	0
1397	51	11101	51	0	0
1398	112	11086	112	0	0
1399	55	11065	55	0	0
1400	30	11054	30	0	0
1401	86	11047	86	0	0
1402	12	10992	12	0	0
1403	99	10920	32	0	0
1404	95	10879	95	0	0
1405	50	10876	50	0	0
1406	62	10875	62	0	0
1407	121	10850	66	0	0
1408	117	10845	117	0	0
1409	40	10780	40	0	0
1410	58	10776	58	0	0
1411	29	10733	29	0	0
1412	75	10707	75	0	0
1413	63	10698	63	0	0
1414	40	10661	40	0	0
1415	28	10651	28	0	0
1416	19	10642	19	0	0
1417	61	10632	61	0	0
1418	9	10629	9	0	0
1419	106	10621	52	0	0
1420	54	10618	54	0	0
1421	49	10614	49	0	0
1422	84	10604	84	0	0
1423	141	10596	36	0	0
1424	20	10592	20	0	0
1425	118	10573	118	0	0
1426	31	10565	31	0	0
1427	127	10510	127	0	0
1428	34	10479	34	0	0
1429	118	10478	112	0	0
1430	50	10475	50	0	0
1431	99	10473	87	0	0
1432	29	10470	29	0	0
1433	108	10451	108	0	0
1434	55	10447	55	0	0
1435	114	10436	109	0	0
1436	78	10412	78	0	0
1437	12	10378	12	0	0
1438	48	10373	48	0	0
1439	28	10372	28	0	0
1440	75	10354	31	0	0
1441	56	10345	56	0	0
1442	70	10343	70	0	0
1443	103	10315	103	0	0
1444	45	10310	45	0	0
1445	98	10292	98	0	0
1446	11	10291	11	0	0
1447	58	10269	58	0	0
1448	48	10267	43	0	0
1449	32	10256	19	0	0
1450	120	10243	120	0	0
1451	115	10219	115	0	0
1452	99	10193	99	0	0
1453	104	10178	104	0	0
1454	105	10165	74	0	0
1455	18	10161	18	0	0
1456	8	10143	8	0	0
1457	102	10135	99	0	0
1458	26	10120	26	0	0
1459	54	10115	54	0	0
1460	56	10112	31	0	0
1461	111	10092	111	0	0
1462	12	10055	12	0	0
1463	63	10053	54	0	0
1464	65	10049	65	0	0
1465	71	10037	71	0	0
1466	37	10032	37	0	0
1467	101	10013	72	0	0
1468	93	9980	93	0	0
1469	33	9965	33	0	0
1470	25	9958	25	0	0
1471	38	9950	38	0	0
1472	118	9920	118	0	0
1473	39	9910	39	0	0
1474	76	9903	76	0	0
1475	71	9887	30	0	0
1476	57	9878	57	0	0
1477	46	9872	46	0	0
1478	10	9851	10	0	0
1479	87	9839	87	0	0
1480	99	9803	99	0	0
1481	7	9788	7	0	0
1482	51	9786	51	0	0
1483	37	9776	37	0	0
1484	49	9736	49	0	0
1485	94	9724	94	0	0
1486	135	9721	40	0	0
1487	98	9708	98	0	0
1488	59	9640	59	0	0
1489	51	9627	51	0	0
1490	94	9611	94	0	0
1491	33	9611	33	0	0
1492	34	9596	34	0	0
1493	10	9594	10	0	0
1494	72	9583	67	0	0
1495	53	9578	37	0	0
1496	34	9577	34	0	0
1497	82	9555	31	0	0
1498	72	9540	72	0	0
1499	88	9539	65	0	0
1500	90	9529	90	0	0
1501	76	9520	76	0	0
1502	26	9514	26	0	0
1503	11	9509	11	0	0
1504	35	9496	35	0	0
1505	49	9477	49	0	0
1506	51	9452	51	0	0
1507	8	9414	8	0	0
1508	48	9405	48	0	0
1509	67	9391	11	0	0
1510	49	9391	49	0	0
1511	36	9388	36	0	0
1512	86	9380	86	0	0
1513	31	9378	31	0	0
1514	28	9366	28	0	0
1515	111	9362	111	0	0
1516	98	9328	98	0	0
1517	8	9324	8	0	0
1518	49	9303	49	0	0
1519	114	9302	110	0	0
1520	69	9279	31	0	0
1521	87	9259	86	0	0
1522	93	9258	78	0	0
1523	103	9239	103	0	0
1524	108	9202	108	0	0
1525	11	9186	11	0	0
1526	13	9160	11	0	0
1527	15	9156	15	0	0
1528	27	9111	27	0	0
1529	8	9103	8	0	0
1530	109	9101	109	0	0
1531	89	9078	89	0	0
1532	48	9070	48	0	0
1533	11	9047	11	0	0
1534	118	9010	118	0	0
1535	16	9009	16	0	0
1536	23	9005	23	0	0
1537	17	9003	17	0	0
1538	61	8986	61	0	0
1539	100	8983	100	0	0
1540	11	8978	11	0	0
1541	49	8976	49	0	0
1542	103	8974	103	0	0
1543	46	8939	46	0	0
1544	66	8938	66	0	0
1545	91	8931	91	0	0
1546	24	8927	24	0	0
1547	78	8926	78	0	0
1548	14	8916	14	0	0
1549	48	8911	34	0	0
1550	32	8901	32	0	0
1551	32	8897	32	0	0
1552	46	8893	46	0	0
1553	89	8890	89	0	0
1554	6	8889	6	0	0
1555	6	8886	6	0	0
1556	97	8866	44	0	0
1557	87	8845	87	0	0
1558	100	8836	100	0	0
1559	31	8836	31	0	0
1560	20	8825	20	0	0
1561	66	8821	66	0	0
1562	31	8792	31	0	0
1563	6	8779	6	0	0
1564	32	8777	32	0	0
1565	49	8775	49	0	0
1566	114	8768	114	0	0
1567	64	8765	64	0	0
1568	95	8743	95	0	0
1569	31	8716	31	0	0
1570	82	8695	82	0	0
1571	6	8681	6	0	0
1572	90	8640	83	0	0
1573	47	8612	47	0	0
1574	88	8584	88	0	0
1575	31	8552	31	0	0
1576	31	8462	31	0	0
1577	39	8447	38	0	0
1578	42	8386	42	0	0
1579	42	8385	42	0	0
1580	29	8378	29	0	0
1581	28	8366	28	0	0
1582	5	8364	5	0	0
1583	45	8346	45	0	0
1584	7	8345	7	0	0
1585	88	8306	88	0	0
1586	5	8290	5	0	0
1587	92	8289	84	0	0
1588	87	8289	87	0	0
1589	12	8289	12	0	0
1590	9	8267	9	0	0
1591	43	8242	43	0	0
1592	41	8242	41	0	0
1593	13	8228	13	0	0
1594	31	8221	31	0	0
1595	37	8212	37	0	0
1596	31	8194	31	0	0
1597	31	8192	31	0	0
1598	87	8190	87	0	0
1599	86	8190	86	0	0
1600	82	8156	44	0	0
1601	76	8144	31	0	0
1602	81	8134	81	0	0
1603	51	8124	51	0	0
1604	70	8116	70	0	0
1605	85	8091	85	0	0
1606	43	8087	43	0	0
1607	72	8068	72	0	0
1608	7	8068	7	0	0
1609	22	8055	22	0	0
1610	69	8025	69	0	0
1611	86	8022	86	0	0
1612	18	8015	18	0	0
1613	13	8002	12	0	0
1614	83	7998	83	0	0
1615	92	7996	92	0	0
1616	57	7962	32	0	0
1617	107	7960	107	0	0
1618	7	7950	7	0	0
1619	61	7940	61	0	0
1620	68	7922	47	0	0
1621	44	7908	44	0	0
1622	106	7906	106	0	0
1623	78	7904	75	0	0
1624	75	7863	73	0	0
1625	56	7862	56	0	0
1626	48	7861	48	0	0
1627	31	7858	31	0	0
1628	40	7852	40	0	0
1629	31	7844	31	0	0
1630	29	7844	29	0	0
1631	46	7843	46	0	0
1632	33	7822	33	0	0
1633	13	7822	13	0	0
1634	43	7784	40	0	0
1635	36	7772	36	0	0
1636	42	7760	42	0	0
1637	20	7724	20	0	0
1638	31	7713	31	0	0
1639	87	7698	87	0	0
1640	10	7657	10	0	0
1641	27	7647	27	0	0
1642	85	7641	77	0	0
1643	81	7625	81	0	0
1644	46	7592	46	0	0
1645	5	7574	5	0	0
1646	29	7551	29	0	0
1647	59	7497	56	0	0
1648	45	7490	45	0	0
1649	62	7477	62	0	0
1650	47	7475	47	0	0
1651	81	7467	81	0	0
1652	73	7432	73	0	0
1653	79	7414	79	0	0
1654	37	7388	37	0	0
1655	35	7386	35	0	0
1656	68	7381	68	0	0
1657	29	7368	29	0	0
1658	64	7367	64	0	0
1659	44	7365	31	0	0
1660	13	7357	8	0	0
1661	26	7344	26	0	0
1662	27	7342	27	0	0
1663	88	7326	88	0	0
1664	39	7311	39	0	0
1665	32	7297	32	0	0
1666	13	7297	13	0	0
1667	76	7244	76	0	0
1668	85	7218	37	0	0
1669	94	7211	94	0	0
1670	58	7208	31	0	0
1671	38	7192	38	0	0
1672	37	7184	33	0	0
1673	68	7152	68	0	0
1674	52	7149	52	0	0
1675	37	7136	37	0	0
1676	19	7133	19	0	0
1677	74	7112	74	0	0
1678	43	7101	43	0	0
1679	35	7100	35	0	0
1680	5	7079	5	0	0
1681	73	7068	32	0	0
1682	41	7067	41	0	0
1683	38	7048	38	0	0
1684	5	7048	5	0	0
1685	76	7045	76	0	0
1686	34	7033	34	0	0
1687	30	7013	30	0	0
1688	36	6963	27	0	0
1689	55	6960	55	0	0
1690	79	6953	79	0	0
1691	20	6950	20	0	0
1692	38	6933	38	0	0
1693	36	6889	31	0	0
1694	24	6877	24	0	0
1695	39	6875	39	0	0
1696	60	6864	41	0	0
1697	36	6851	36	0	0
1698	61	6847	61	0	0
1699	26	6833	26	0	0
1700	24	6826	24	0	0
1701	36	6822	36	0	0
1702	72	6807	72	0	0
1703	4	6796	4	0	0
1704	36	6788	36	0	0
1705	75	6776	75	0	0
1706	23	6769	23	0	0
1707	38	6760	38	0	0
1708	74	6736	49	0	0
1709	67	6708	67	0	0
1710	70	6707	70	0	0
1711	25	6667	25	0	0
1712	5	6663	5	0	0
1713	64	6652	64	0	0
1714	69	6636	69	0	0
1715	18	6604	18	0	0
1716	15	6604	15	0	0
1717	49	6594	49	0	0
1718	10	6592	10	0	0
1719	10	6581	10	0	0
1720	58	6575	58	0	0
1721	53	6565	35	0	0
1722	62	6563	62	0	0
1723	62	6563	62	0	0
1724	27	6546	27	0	0
1725	73	6533	73	0	0
1726	12	6516	12	0	0
1727	36	6500	36	0	0
1728	33	6472	33	0	0
1729	80	6466	80	0	0
1730	38	6450	38	0	0
1731	49	6446	49	0	0
1732	82	6445	82	0	0
1733	75	6423	75	0	0
1734	37	6417	37	0	0
1735	10	6392	10	0	0
1736	34	6339	34	0	0
1737	53	6292	53	0	0
1738	31	6292	31	0	0
1739	29	6255	29	0	0
1740	35	6252	35	0	0
1741	64	6240	64	0	0
1742	62	6234	31	0	0
1743	49	6200	49	0	0
1744	49	6195	49	0	0
1745	34	6184	34	0	0
1746	24	6183	24	0	0
1747	67	6181	31	0	0
1748	34	6151	34	0	0
1749	58	6134	58	0	0
1750	31	6129	31	0	0
1751	31	6112	31	0	0
1752	9	6101	9	0	0
1753	31	6078	31	0	0
1754	74	6075	74	0	0
1755	34	6064	34	0	0
1756	14	6064	14	0	0
1757	61	6059	56	0	0
1758	31	6058	31	0	0
1759	70	6052	31	0	0
1760	48	6046	31	0	0
1761	36	6044	36	0	0
1762	31	6034	31	0	0
1763	74	6030	74	0	0
1764	49	5998	49	0	0
1765	49	5996	49	0	0
1766	31	5995	31	0	0
1767	18	5995	18	0	0
1768	40	5979	40	0	0
1769	63	5974	62	0	0
1770	31	5968	31	0	0
1771	62	5959	62	0	0
1772	24	5957	24	0	0
1773	60	5953	33	0	0
1774	38	5951	38	0	0
1775	31	5950	31	0	0
1776	36	5937	36	0	0
1777	5	5936	5	0	0
1778	31	5910	31	0	0
1779	31	5904	31	0	0
1780	57	5890	57	0	0
1781	64	5880	64	0	0
1782	64	5879	64	0	0
1783	31	5872	31	0	0
1784	63	5869	63	0	0
1785	31	5861	31	0	0
1786	60	5855	56	0	0
1787	31	5855	31	0	0
1788	21	5841	21	0	0
1789	32	5838	31	0	0
1790	31	5838	31	0	0
1791	31	5829	31	0	0
1792	76	5801	76	0	0
1793	28	5791	28	0	0
1794	31	5790	31	0	0
1795	45	5785	45	0	0
1796	31	5781	31	0	0
1797	15	5778	15	0	0
1798	30	5766	30	0	0
1799	31	5754	31	0	0
1800	37	5747	37	0	0
1801	30	5740	30	0	0
1802	60	5739	60	0	0
1803	58	5724	58	0	0
1804	16	5707	16	0	0
1805	29	5702	29	0	0
1806	73	5696	73	0	0
1807	19	5691	19	0	0
1808	65	5687	65	0	0
1809	67	5679	67	0	0
1810	5	5678	5	0	0
1811	61	5665	61	0	0
1812	31	5654	31	0	0
1813	31	5647	31	0	0
1814	57	5646	57	0	0
1815	58	5644	31	0	0
1816	46	5643	46	0	0
1817	57	5640	12	0	0
1818	71	5628	28	0	0
1819	8	5627	8	0	0
1820	21	5620	21	0	0
1821	33	5617	33	0	0
1822	31	5616	31	0	0
1823	5	5614	5	0	0
1824	64	5613	31	0	0
1825	50	5612	50	0	0
1826	58	5608	58	0	0
1827	54	5603	54	0	0
1828	28	5603	28	0	0
1829	5	5597	5	0	0
1830	32	5595	32	0	0
1831	30	5593	30	0	0
1832	31	5585	31	0	0
1833	26	5579	26	0	0
1834	49	5575	49	0	0
1835	5	5574	5	0	0
1836	12	5565	12	0	0
1837	33	5549	33	0	0
1838	48	5541	48	0	0
1839	31	5532	31	0	0
1840	5	5531	5	0	0
1841	31	5520	31	0	0
1842	8	5516	8	0	0
1843	31	5502	31	0	0
1844	31	5471	31	0	0
1845	31	5466	31	0	0
1846	48	5458	48	0	0
1847	31	5441	31	0	0
1848	31	5431	31	0	0
1849	62	5406	62	0	0
1850	48	5403	48	0	0
1851	43	5393	43	0	0
1852	58	5385	41	0	0
1853	58	5367	31	0	0
1854	60	5366	60	0	0
1855	57	5349	57	0	0
1856	57	5318	57	0	0
1857	31	5318	31	0	0
1858	51	5316	51	0	0
1859	27	5315	27	0	0
1860	8	5314	8	0	0
1861	31	5304	31	0	0
1862	19	5293	19	0	0
1863	31	5284	31	0	0
1864	61	5282	61	0	0
1865	75	5271	75	0	0
1866	27	5267	27	0	0
1867	8	5266	8	0	0
1868	18	5265	18	0	0
1869	69	5257	69	0	0
1870	27	5226	27	0	0
1871	7	5224	7	0	0
1872	49	5216	47	0	0
1873	36	5202	36	0	0
1874	30	5186	30	0	0
1875	64	5184	64	0	0
1876	55	5183	55	0	0
1877	32	5177	32	0	0
1878	45	5173	36	0	0
1879	55	5164	55	0	0
1880	33	5164	33	0	0
1881	58	5150	58	0	0
1882	61	5147	52	0	0
1883	31	5117	31	0	0
1884	31	5113	31	0	0
1885	7	5105	7	0	0
1886	14	5099	14	0	0
1887	51	5089	51	0	0
1888	51	5085	1	0	0
1889	28	5081	28	0	0
1890	55	5075	55	0	0
1891	58	5069	31	0	0
1892	3	5041	3	0	0
1893	6	5037	6	0	0
1894	3	5036	3	0	0
1895	61	5034	61	0	0
1896	57	5026	30	0	0
1897	26	5015	26	0	0
1898	48	5011	48	0	0
1899	29	5005	29	0	0
1900	58	4993	31	0	0
1901	18	4991	18	0	0
1902	28	4974	28	0	0
1903	34	4965	29	0	0
1904	8	4941	8	0	0
1905	52	4938	29	0	0
1906	51	4924	51	0	0
1907	42	4923	25	0	0
1908	55	4918	31	0	0
1909	55	4902	55	0	0
1910	3	4899	3	0	0
1911	60	4897	60	0	0
1912	46	4891	46	0	0
1913	9	4890	9	0	0
1914	17	4876	17	0	0
1915	29	4875	29	0	0
1916	55	4870	55	0	0
1917	52	4870	52	0	0
1918	19	4866	19	0	0
1919	36	4863	36	0	0
1920	19	4862	19	0	0
1921	54	4849	54	0	0
1922	55	4836	55	0	0
1923	38	4824	27	0	0
1924	49	4817	45	0	0
1925	10	4780	10	0	0
1926	44	4768	44	0	0
1927	54	4746	54	0	0
1928	42	4737	42	0	0
1929	50	4724	50	0	0
1930	4	4718	4	0	0
1931	55	4717	55	0	0
1932	37	4708	37	0	0
1933	52	4704	52	0	0
1934	16	4688	16	0	0
1935	41	4675	41	0	0
1936	39	4660	36	0	0
1937	45	4646	45	0	0
1938	45	4645	45	0	0
1939	41	4640	41	0	0
1940	42	4608	42	0	0
1941	42	4597	42	0	0
1942	34	4596	34	0	0
1943	60	4595	37	0	0
1944	48	4582	48	0	0
1945	16	4567	16	0	0
1946	18	4563	18	0	0
1947	26	4561	26	0	0
1948	35	4560	31	0	0
1949	32	4555	32	0	0
1950	15	4550	15	0	0
1951	43	4536	34	0	0
1952	57	4531	57	0	0
1953	12	4525	12	0	0
1954	59	4521	59	0	0
1955	31	4517	31	0	0
1956	7	4512	7	0	0
1957	41	4502	41	0	0
1958	25	4502	25	0	0
1959	55	4486	55	0	0
1960	23	4485	23	0	0
1961	47	4474	47	0	0
1962	14	4472	14	0	0
1963	43	4466	33	0	0
1964	23	4459	23	0	0
1965	7	4446	7	0	0
1966	3	4431	3	0	0
1967	31	4418	31	0	0
1968	15	4411	15	0	0
1969	57	4410	55	0	0
1970	39	4406	31	0	0
1971	43	4399	43	0	0
1972	34	4368	34	0	0
1973	20	4366	20	0	0
1974	15	4355	15	0	0
1975	46	4346	46	0	0
1976	29	4333	29	0	0
1977	46	4328	46	0	0
1978	20	4323	20	0	0
1979	45	4319	45	0	0
1980	3	4318	3	0	0
1981	26	4308	26	0	0
1982	8	4308	8	0	0
1983	43	4301	43	0	0
1984	45	4293	25	0	0
1985	36	4287	31	0	0
1986	44	4274	44	0	0
1987	46	4271	46	0	0
1988	56	4256	54	0	0
1989	9	4255	9	0	0
1990	4	4255	4	0	0
1991	42	4250	31	0	0
1992	23	4248	23	0	0
1993	46	4234	46	0	0
1994	50	4233	50	0	0
1995	5	4228	5	0	0
1996	43	4223	43	0	0
1997	43	4210	43	0	0
1998	23	4207	23	0	0
1999	36	4197	36	0	0
2000	21	4185	21	0	0
2001	40	4168	40	0	0
2002	14	4168	14	0	0
2003	15	4161	15	0	0
2004	49	4157	49	0	0
2005	11	4154	11	0	0
2006	36	4142	36	0	0
2007	34	4134	34	0	0
2008	44	4121	44	0	0
2009	47	4111	47	0	0
2010	22	4095	22	0	0
2011	32	4092	32	0	0
2012	3	4069	3	0	0
2013	22	4058	22	0	0
2014	42	4036	42	0	0
2015	15	4036	15	0	0
2016	19	4030	19	0	0
2017	22	3997	22	0	0
2018	6	3993	6	0	0
2019	14	3992	9	0	0
2020	23	3984	23	0	0
2021	51	3974	51	0	0
2022	43	3973	43	0	0
2023	48	3961	48	0	0
2024	21	3959	21	0	0
2025	39	3956	39	0	0
2026	47	3919	47	0	0
2027	45	3906	41	0	0
2028	38	3906	20	0	0
2029	14	3906	14	0	0
2030	34	3890	34	0	0
2031	47	3887	47	0	0
2032	37	3872	25	0	0
2033	43	3846	43	0	0
2034	35	3840	33	0	0
2035	38	3817	38	0	0
2036	22	3805	22	0	0
2037	14	3801	14	0	0
2038	22	3794	22	0	0
2039	31	3792	31	0	0
2040	21	3765	21	0	0
2041	39	3761	39	0	0
2042	38	3759	38	0	0
2043	41	3753	41	0	0
2044	35	3739	35	0	0
2045	47	3738	47	0	0
2046	3	3736	3	0	0
2047	42	3717	42	0	0
2048	7	3712	7	0	0
2049	35	3710	31	0	0
2050	23	3710	23	0	0
2051	20	3696	20	0	0
2052	4	3696	4	0	0
2053	40	3692	40	0	0
2054	35	3684	35	0	0
2055	18	3681	18	0	0
2056	33	3672	33	0	0
2057	39	3669	29	0	0
2058	32	3662	32	0	0
2059	19	3662	19	0	0
2060	43	3656	43	0	0
2061	39	3646	39	0	0
2062	37	3638	37	0	0
2063	43	3635	43	0	0
2064	13	3635	13	0	0
2065	38	3634	38	0	0
2066	8	3625	8	0	0
2067	31	3611	31	0	0
2068	38	3606	38	0	0
2069	43	3593	43	0	0
2070	32	3583	32	0	0
2071	39	3573	39	0	0
2072	29	3567	29	0	0
2073	37	3559	37	0	0
2074	36	3545	36	0	0
2075	38	3534	27	0	0
2076	21	3531	21	0	0
2077	41	3529	41	0	0
2078	35	3515	35	0	0
2079	37	3510	37	0	0
2080	3	3509	3	0	0
2081	42	3499	42	0	0
2082	5	3499	5	0	0
2083	10	3494	10	0	0
2084	44	3487	44	0	0
2085	41	3484	41	0	0
2086	31	3464	31	0	0
2087	34	3461	34	0	0
2088	10	3452	10	0	0
2089	3	3451	3	0	0
2090	36	3450	36	0	0
2091	31	3441	31	0	0
2092	31	3438	31	0	0
2093	31	3437	31	0	0
2094	18	3434	18	0	0
2095	20	3432	20	0	0
2096	3	3426	3	0	0
2097	40	3425	40	0	0
2098	19	3425	19	0	0
2099	3	3419	3	0	0
2100	33	3400	31	0	0
2101	3	3387	3	0	0
2102	31	3386	31	0	0
2103	6	3386	6	0	0
2104	31	3382	31	0	0
2105	10	3382	10	0	0
2106	31	3375	31	0	0
2107	15	3370	14	0	0
2108	34	3367	34	0	0
2109	38	3359	17	0	0
2110	39	3351	39	0	0
2111	31	3348	21	0	0
2112	31	3344	31	0	0
2113	34	3334	34	0	0
2114	37	3327	36	0	0
2115	35	3303	35	0	0
2116	2	3302	2	0	0
2117	18	3301	18	0	0
2118	32	3297	32	0	0
2119	31	3297	31	0	0
2120	31	3296	31	0	0
2121	30	3292	30	0	0
2122	32	3276	32	0	0
2123	31	3274	31	0	0
2124	31	3271	31	0	0
2125	37	3266	37	0	0
2126	31	3264	31	0	0
2127	11	3259	11	0	0
2128	18	3243	18	0	0
2129	18	3239	18	0	0
2130	12	3237	12	0	0
2131	18	3236	18	0	0
2132	16	3231	16	0	0
2133	34	3220	3	0	0
2134	31	3210	31	0	0
2135	31	3206	31	0	0
2136	34	3202	30	0	0
2137	31	3202	31	0	0
2138	31	3201	26	0	0
2139	31	3201	31	0	0
2140	12	3197	12	0	0
2141	37	3195	37	0	0
2142	31	3194	31	0	0
2143	19	3193	19	0	0
2144	33	3185	33	0	0
2145	34	3175	34	0	0
2146	5	3171	2	0	0
2147	17	3170	17	0	0
2148	31	3168	31	0	0
2149	31	3165	31	0	0
2150	31	3164	31	0	0
2151	31	3163	31	0	0
2152	31	3155	31	0	0
2153	31	3152	31	0	0
2154	34	3150	34	0	0
2155	28	3144	28	0	0
2156	6	3139	6	0	0
2157	5	3139	5	0	0
2158	31	3137	10	0	0
2159	41	3135	41	0	0
2160	34	3134	34	0	0
2161	2	3133	2	0	0
2162	31	3130	31	0	0
2163	31	3126	31	0	0
2164	33	3119	33	0	0
2165	30	3109	9	0	0
2166	2	3106	2	0	0
2167	31	3105	31	0	0
2168	31	3102	7	0	0
2169	30	3099	30	0	0
2170	31	3098	31	0	0
2171	15	3097	15	0	0
2172	31	3096	31	0	0
2173	31	3094	31	0	0
2174	31	3091	31	0	0
2175	31	3081	31	0	0
2176	35	3080	31	0	0
2177	31	3077	31	0	0
2178	34	3069	34	0	0
2179	2	3068	2	0	0
2180	34	3066	34	0	0
2181	34	3065	34	0	0
2182	33	3064	33	0	0
2183	30	3064	30	0	0
2184	31	3052	31	0	0
2185	31	3050	31	0	0
2186	29	3047	29	0	0
2187	34	3046	34	0	0
2188	31	3044	31	0	0
2189	5	3042	5	0	0
2190	33	3040	33	0	0
2191	31	3037	31	0	0
2192	31	3034	31	0	0
2193	35	3021	35	0	0
2194	31	3019	31	0	0
2195	12	3019	12	0	0
2196	34	3007	24	0	0
2197	31	3004	31	0	0
2198	32	3002	32	0	0
2199	39	2997	39	0	0
2200	31	2995	31	0	0
2201	32	2987	28	0	0
2202	31	2986	11	0	0
2203	31	2985	31	0	0
2204	32	2984	32	0	0
2205	31	2983	31	0	0
2206	31	2983	31	0	0
2207	31	2982	31	0	0
2208	31	2981	12	0	0
2209	31	2977	31	0	0
2210	34	2965	34	0	0
2211	31	2958	31	0	0
2212	14	2958	14	0	0
2213	31	2957	31	0	0
2214	31	2954	31	0	0
2215	28	2948	28	0	0
2216	34	2942	34	0	0
2217	31	2941	31	0	0
2218	31	2938	31	0	0
2219	31	2933	31	0	0
2220	31	2931	31	0	0
2221	31	2930	31	0	0
2222	8	2927	8	0	0
2223	35	2924	35	0	0
2224	31	2924	31	0	0
2225	8	2923	8	0	0
2226	29	2922	29	0	0
2227	11	2918	11	0	0
2228	31	2917	31	0	0
2229	26	2907	26	0	0
2230	31	2906	31	0	0
2231	31	2905	31	0	0
2232	31	2904	13	0	0
2233	27	2898	27	0	0
2234	31	2896	31	0	0
2235	34	2890	34	0	0
2236	31	2890	31	0	0
2237	31	2888	31	0	0
2238	31	2888	31	0	0
2239	31	2886	31	0	0
2240	31	2882	25	0	0
2241	28	2881	25	0	0
2242	32	2877	31	0	0
2243	31	2877	31	0	0
2244	31	2877	31	0	0
2245	31	2876	31	0	0
2246	31	2876	31	0	0
2247	35	2874	35	0	0
2248	31	2872	31	0	0
2249	31	2872	31	0	0
2250	31	2870	31	0	0
2251	31	2867	31	0	0
2252	31	2863	31	0	0
2253	31	2859	31	0	0
2254	31	2856	31	0	0
2255	31	2854	31	0	0
2256	31	2849	31	0	0
2257	31	2846	31	0	0
2258	5	2846	5	0	0
2259	2	2841	2	0	0
2260	29	2837	29	0	0
2261	34	2836	34	0	0
2262	31	2834	31	0	0
2263	31	2830	31	0	0
2264	31	2830	31	0	0
2265	31	2827	31	0	0
2266	31	2827	7	0	0
2267	31	2819	31	0	0
2268	31	2814	31	0	0
2269	31	2812	31	0	0
2270	32	2811	32	0	0
2271	31	2806	31	0	0
2272	9	2793	9	0	0
2273	31	2792	31	0	0
2274	31	2787	31	0	0
2275	31	2781	31	0	0
2276	16	2770	16	0	0
2277	31	2763	31	0	0
2278	31	2762	17	0	0
2279	6	2762	6	0	0
2280	2	2762	2	0	0
2281	31	2760	31	0	0
2282	6	2759	6	0	0
2283	33	2753	31	0	0
2284	31	2752	31	0	0
2285	29	2751	29	0	0
2286	28	2749	28	0	0
2287	31	2747	31	0	0
2288	31	2746	31	0	0
2289	32	2739	32	0	0
2290	3	2739	3	0	0
2291	31	2737	31	0	0
2292	6	2735	6	0	0
2293	29	2729	29	0	0
2294	5	2727	5	0	0
2295	31	2726	31	0	0
2296	31	2723	31	0	0
2297	31	2722	31	0	0
2298	31	2716	31	0	0
2299	31	2714	31	0	0
2300	22	2714	22	0	0
2301	16	2711	16	0	0
2302	10	2711	10	0	0
2303	3	2709	3	0	0
2304	4	2706	4	0	0
2305	31	2705	31	0	0
2306	34	2700	31	0	0
2307	31	2700	31	0	0
2308	31	2700	31	0	0
2309	30	2691	30	0	0
2310	2	2691	2	0	0
2311	31	2681	31	0	0
2312	31	2680	31	0	0
2313	31	2679	16	0	0
2314	31	2677	31	0	0
2315	31	2672	31	0	0
2316	31	2668	31	0	0
2317	31	2667	31	0	0
2318	10	2655	10	0	0
2319	31	2645	31	0	0
2320	31	2644	31	0	0
2321	31	2641	31	0	0
2322	9	2634	9	0	0
2323	31	2626	31	0	0
2324	31	2623	31	0	0
2325	31	2622	31	0	0
2326	31	2611	31	0	0
2327	31	2603	31	0	0
2328	31	2598	31	0	0
2329	29	2598	29	0	0
2330	15	2579	15	0	0
2331	31	2575	22	0	0
2332	26	2574	26	0	0
2333	31	2573	31	0	0
2334	36	2562	36	0	0
2335	31	2558	31	0	0
2336	35	2552	35	0	0
2337	28	2550	28	0	0
2338	14	2544	14	0	0
2339	10	2539	10	0	0
2340	9	2539	9	0	0
2341	10	2534	10	0	0
2342	29	2531	29	0	0
2343	31	2529	31	0	0
2344	31	2520	31	0	0
2345	31	2512	31	0	0
2346	26	2509	26	0	0
2347	25	2505	25	0	0
2348	31	2503	31	0	0
2349	28	2501	28	0	0
2350	3	2490	3	0	0
2351	31	2488	31	0	0
2352	28	2482	28	0	0
2353	26	2468	26	0	0
2354	31	2462	31	0	0
2355	2	2456	2	0	0
2356	25	2455	25	0	0
2357	31	2454	31	0	0
2358	31	2453	31	0	0
2359	30	2446	13	0	0
2360	31	2443	31	0	0
2361	31	2440	31	0	0
2362	27	2424	27	0	0
2363	12	2424	12	0	0
2364	2	2423	2	0	0
2365	33	2413	31	0	0
2366	30	2412	30	0	0
2367	31	2404	31	0	0
2368	9	2392	9	0	0
2369	25	2391	25	0	0
2370	31	2388	31	0	0
2371	31	2374	31	0	0
2372	12	2366	12	0	0
2373	12	2353	12	0	0
2374	31	2336	31	0	0
2375	23	2333	23	0	0
2376	26	2309	26	0	0
2377	24	2301	24	0	0
2378	24	2289	24	0	0
2379	25	2281	25	0	0
2380	25	2272	25	0	0
2381	29	2271	29	0	0
2382	8	2252	8	0	0
2383	24	2244	24	0	0
2384	25	2243	1	0	0
2385	8	2239	8	0	0
2386	13	2235	13	0	0
2387	8	2235	8	0	0
2388	24	2234	24	0	0
2389	12	2234	12	0	0
2390	31	2233	31	0	0
2391	28	2231	28	0	0
2392	29	2229	29	0	0
2393	4	2216	4	0	0
2394	6	2212	6	0	0
2395	30	2210	30	0	0
2396	13	2207	13	0	0
2397	25	2199	25	0	0
2398	4	2197	4	0	0
2399	30	2195	30	0	0
2400	22	2169	22	0	0
2401	11	2167	11	0	0
2402	23	2114	23	0	0
2403	12	2106	12	0	0
2404	20	2085	20	0	0
2405	21	2079	21	0	0
2406	27	2076	27	0	0
2407	4	2073	4	0	0
2408	21	2071	21	0	0
2409	5	2065	5	0	0
2410	21	2032	21	0	0
2411	10	2019	10	0	0
2412	23	2010	23	0	0
2413	22	1999	22	0	0
2414	27	1984	27	0	0
2415	12	1968	12	0	0
2416	22	1953	22	0	0
2417	31	1952	31	0	0
2418	10	1945	10	0	0
2419	22	1939	22	0	0
2420	21	1926	21	0	0
2421	20	1922	20	0	0
2422	11	1922	1	0	0
2423	10	1881	10	0	0
2424	5	1881	5	0	0
2425	21	1856	21	0	0
2426	4	1856	4	0	0
2427	5	1851	5	0	0
2428	19	1841	19	0	0
2429	4	1836	4	0	0
2430	7	1827	7	0	0
2431	22	1818	22	0	0
2432	20	1803	20	0	0
2433	10	1796	10	0	0
2434	21	1786	21	0	0
2435	22	1769	12	0	0
2436	32	1755	1	0	0
2437	10	1753	10	0	0
2438	10	1746	10	0	0
2439	20	1738	20	0	0
2440	10	1731	10	0	0
2441	22	1713	22	0	0
2442	19	1705	19	0	0
2443	1	1704	1	0	0
2444	22	1695	22	0	0
2445	1	1694	1	0	0
2446	6	1693	6	0	0
2447	1	1690	1	0	0
2448	6	1688	1	0	0
2449	1	1688	1	0	0
2450	3	1687	1	0	0
2451	16	1680	7	0	0
2452	1	1680	1	0	0
2453	1	1677	1	0	0
2454	18	1676	18	0	0
2455	1	1676	1	0	0
2456	1	1674	1	0	0
2457	6	1670	6	0	0
2458	9	1650	9	0	0
2459	1	1646	1	0	0
2460	17	1643	17	0	0
2461	10	1641	10	0	0
2462	1	1630	1	0	0
2463	16	1618	16	0	0
2464	1	1618	1	0	0
2465	18	1613	18	0	0
2466	1	1610	1	0	0
2467	4	1609	4	0	0
2468	1	1608	1	0	0
2469	17	1601	17	0	0
2470	16	1593	16	0	0
2471	17	1591	17	0	0
2472	1	1582	1	0	0
2473	15	1579	1	0	0
2474	1	1574	1	0	0
2475	19	1572	19	0	0
2476	1	1572	1	0	0
2477	1	1564	1	0	0
2478	1	1564	1	0	0
2479	1	1558	1	0	0
2480	1	1556	1	0	0
2481	1	1554	1	0	0
2482	15	1553	15	0	0
2483	6	1551	6	0	0
2484	1	1547	1	0	0
2485	14	1546	14	0	0
2486	1	1537	1	0	0
2487	1	1527	1	0	0
2488	20	1516	20	0	0
2489	21	1515	1	0	0
2490	1	1509	1	0	0
2491	14	1495	14	0	0
2492	4	1488	4	0	0
2493	14	1474	12	0	0
2494	32	1473	1	0	0
2495	4	1463	4	0	0
2496	21	1461	1	0	0
2497	20	1458	1	0	0
2498	13	1454	13	0	0
2499	1	1454	1	0	0
2500	1	1454	1	0	0
2501	1	1453	1	0	0
2502	3	1451	2	0	0
2503	14	1450	14	0	0
2504	1	1438	1	0	0
2505	16	1431	16	0	0
2506	3	1428	3	0	0
2507	14	1427	14	0	0
2508	15	1426	15	0	0
2509	1	1416	1	0	0
2510	1	1414	1	0	0
2511	1	1409	1	0	0
2512	10	1402	10	0	0
2513	16	1401	16	0	0
2514	8	1387	8	0	0
2515	1	1381	1	0	0
2516	4	1380	4	0	0
2517	1	1379	1	0	0
2518	13	1373	13	0	0
2519	1	1373	1	0	0
2520	3	1368	1	0	0
2521	17	1367	17	0	0
2522	1	1364	1	0	0
2523	16	1357	16	0	0
2524	5	1357	5	0	0
2525	1	1357	1	0	0
2526	7	1349	7	0	0
2527	1	1349	1	0	0
2528	7	1343	7	0	0
2529	7	1342	2	0	0
2530	7	1331	2	0	0
2531	16	1328	14	0	0
2532	1	1327	1	0	0
2533	14	1326	1	0	0
2534	4	1326	4	0	0
2535	1	1326	1	0	0
2536	13	1319	13	0	0
2537	17	1311	10	0	0
2538	14	1306	14	0	0
2539	16	1302	16	0	0
2540	16	1302	16	0	0
2541	18	1295	13	0	0
2542	1	1276	1	0	0
2543	5	1271	5	0	0
2544	7	1268	7	0	0
2545	13	1265	13	0	0
2546	14	1256	14	0	0
2547	2	1256	2	0	0
2548	1	1250	1	0	0
2549	7	1245	7	0	0
2550	1	1240	1	0	0
2551	3	1232	3	0	0
2552	1	1229	1	0	0
2553	5	1227	5	0	0
2554	24	1222	1	0	0
2555	14	1220	14	0	0
2556	16	1213	16	0	0
2557	1	1213	1	0	0
2558	1	1212	1	0	0
2559	13	1207	13	0	0
2560	1	1202	1	0	0
2561	32	1201	1	0	0
2562	1	1195	1	0	0
2563	13	1189	13	0	0
2564	1	1189	1	0	0
2565	15	1188	15	0	0
2566	1	1179	1	0	0
2567	1	1173	1	0	0
2568	1	1173	1	0	0
2569	1	1171	1	0	0
2570	1	1168	1	0	0
2571	13	1167	13	0	0
2572	1	1166	1	0	0
2573	2	1157	2	0	0
2574	1	1157	1	0	0
2575	1	1155	1	0	0
2576	1	1155	1	0	0
2577	12	1152	12	0	0
2578	1	1151	1	0	0
2579	7	1148	7	0	0
2580	1	1140	1	0	0
2581	1	1140	1	0	0
2582	1	1138	1	0	0
2583	1	1138	1	0	0
2584	1	1135	1	0	0
2585	1	1132	1	0	0
2586	1	1126	1	0	0
2587	1	1123	1	0	0
2588	1	1118	1	0	0
2589	1	1116	1	0	0
2590	1	1114	1	0	0
2591	1	1114	1	0	0
2592	1	1111	1	0	0
2593	6	1108	6	0	0
2594	6	1107	6	0	0
2595	1	1106	1	0	0
2596	3	1104	3	0	0
2597	1	1102	1	0	0
2598	1	1102	1	0	0
2599	1	1093	1	0	0
2600	16	1075	16	0	0
2601	1	1074	1	0	0
2602	6	1069	6	0	0
2603	10	1068	10	0	0
2604	6	1068	6	0	0
2605	2	1065	2	0	0
2606	10	1063	10	0	0
2607	13	1056	13	0	0
2608	12	1005	12	0	0
2609	1	991	1	0	0
2610	10	980	10	0	0
2611	11	973	11	0	0
2612	11	969	11	0	0
2613	11	969	11	0	0
2614	11	966	11	0	0
2615	1	963	1	0	0
2616	1	962	1	0	0
2617	1	958	1	0	0
2618	10	954	10	0	0
2619	1	954	1	0	0
2620	1	953	1	0	0
2621	1	951	1	0	0
2622	1	951	1	0	0
2623	1	948	1	0	0
2624	1	947	1	0	0
2625	1	946	1	0	0
2626	1	945	1	0	0
2627	10	943	10	0	0
2628	1	943	1	0	0
2629	1	943	1	0	0
2630	13	942	13	0	0
2631	5	938	5	0	0
2632	1	938	1	0	0
2633	5	937	1	0	0
2634	1	933	1	0	0
2635	1	932	1	0	0
2636	1	932	1	0	0
2637	1	930	1	0	0
2638	1	929	1	0	0
2639	1	929	1	0	0
2640	1	929	1	0	0
2641	1	929	1	0	0
2642	1	928	1	0	0
2643	1	926	1	0	0
2644	1	925	1	0	0
2645	1	923	1	0	0
2646	1	920	1	0	0
2647	1	919	1	0	0
2648	1	919	1	0	0
2649	1	917	1	0	0
2650	1	916	1	0	0
2651	10	915	10	0	0
2652	1	910	1	0	0
2653	1	909	1	0	0
2654	1	908	1	0	0
2655	1	906	1	0	0
2656	1	905	1	0	0
2657	1	902	1	0	0
2658	1	898	1	0	0
2659	1	897	1	0	0
2660	1	895	1	0	0
2661	1	892	1	0	0
2662	21	890	1	0	0
2663	1	890	1	0	0
2664	1	889	1	0	0
2665	1	885	1	0	0
2666	10	882	10	0	0
2667	1	878	1	0	0
2668	9	876	9	0	0
2669	12	875	1	0	0
2670	1	875	1	0	0
2671	21	871	1	0	0
2672	1	868	1	0	0
2673	1	866	1	0	0
2674	1	864	1	0	0
2675	1	864	1	0	0
2676	1	855	1	0	0
2677	1	852	1	0	0
2678	2	851	1	0	0
2679	1	851	1	0	0
2680	1	850	1	0	0
2681	9	848	9	0	0
2682	1	843	1	0	0
2683	10	841	10	0	0
2684	1	838	1	0	0
2685	1	835	1	0	0
2686	1	834	1	0	0
2687	1	830	1	0	0
2688	9	829	9	0	0
2689	3	829	3	0	0
2690	1	827	1	0	0
2691	1	826	1	0	0
2692	1	824	1	0	0
2693	1	822	1	0	0
2694	1	821	1	0	0
2695	1	820	1	0	0
2696	1	819	1	0	0
2697	11	817	11	0	0
2698	7	815	7	0	0
2699	1	810	1	0	0
2700	1	802	1	0	0
2701	9	801	9	0	0
2702	1	800	1	0	0
2703	1	799	1	0	0
2704	9	798	9	0	0
2705	3	796	3	0	0
2706	9	792	9	0	0
2707	9	792	9	0	0
2708	1	780	1	0	0
2709	4	767	4	0	0
2710	1	760	1	0	0
2711	1	753	1	0	0
2712	1	751	1	0	0
2713	1	746	1	0	0
2714	1	746	1	0	0
2715	4	745	4	0	0
2716	1	745	1	0	0
2717	4	741	4	0	0
2718	4	739	4	0	0
2719	1	739	1	0	0
2720	1	738	1	0	0
2721	7	736	7	0	0
2722	1	735	1	0	0
2723	1	734	1	0	0
2724	1	724	1	0	0
2725	9	722	9	0	0
2726	1	722	1	0	0
2727	1	721	1	0	0
2728	8	718	8	0	0
2729	7	717	7	0	0
2730	1	717	1	0	0
2731	2	716	2	0	0
2732	1	706	1	0	0
2733	1	704	1	0	0
2734	1	704	1	0	0
2735	4	703	4	0	0
2736	1	702	1	0	0
2737	1	695	1	0	0
2738	6	692	6	0	0
2739	1	692	1	0	0
2740	1	690	1	0	0
2741	7	688	7	0	0
2742	1	688	1	0	0
2743	1	688	1	0	0
2744	1	675	1	0	0
2745	1	674	1	0	0
2746	6	672	6	0	0
2747	1	671	1	0	0
2748	1	669	1	0	0
2749	1	669	1	0	0
2750	1	668	1	0	0
2751	1	666	1	0	0
2752	5	665	1	0	0
2753	1	664	1	0	0
2754	1	664	1	0	0
2755	1	663	1	0	0
2756	1	662	1	0	0
2757	1	660	1	0	0
2758	7	657	7	0	0
2759	1	656	1	0	0
2760	1	655	1	0	0
2761	1	653	1	0	0
2762	1	653	1	0	0
2763	1	650	1	0	0
2764	1	649	1	0	0
2765	1	645	1	0	0
2766	1	645	1	0	0
2767	1	643	1	0	0
2768	1	642	1	0	0
2769	1	642	1	0	0
2770	1	641	1	0	0
2771	1	634	1	0	0
2772	1	632	1	0	0
2773	1	631	1	0	0
2774	1	630	1	0	0
2775	1	628	1	0	0
2776	1	618	1	0	0
2777	1	618	1	0	0
2778	1	617	1	0	0
2779	1	614	1	0	0
2780	1	614	1	0	0
2781	7	613	7	0	0
2782	1	613	1	0	0
2783	1	613	1	0	0
2784	7	610	7	0	0
2785	1	610	1	0	0
2786	1	606	1	0	0
2787	1	606	1	0	0
2788	1	605	1	0	0
2789	1	603	1	0	0
2790	1	601	1	0	0
2791	1	599	1	0	0
2792	1	596	1	0	0
2793	1	595	1	0	0
2794	1	594	1	0	0
2795	7	593	7	0	0
2796	1	593	1	0	0
2797	1	589	1	0	0
2798	1	586	1	0	0
2799	1	583	1	0	0
2800	1	583	1	0	0
2801	1	579	1	0	0
2802	1	579	1	0	0
2803	1	577	1	0	0
2804	1	576	1	0	0
2805	1	574	1	0	0
2806	1	572	1	0	0
2807	1	571	1	0	0
2808	1	568	1	0	0
2809	6	567	6	0	0
2810	1	563	1	0	0
2811	1	559	1	0	0
2812	1	558	1	0	0
2813	1	555	1	0	0
2814	1	555	1	0	0
2815	1	552	1	0	0
2816	1	545	1	0	0
2817	1	543	1	0	0
2818	1	542	1	0	0
2819	1	539	1	0	0
2820	1	536	1	0	0
2821	1	535	1	0	0
2822	1	534	1	0	0
2823	1	534	1	0	0
2824	16	533	1	0	0
2825	1	532	1	0	0
2826	1	531	1	0	0
2827	1	530	1	0	0
2828	1	530	1	0	0
2829	1	529	1	0	0
2830	1	522	1	0	0
2831	1	518	1	0	0
2832	1	518	1	0	0
2833	1	509	1	0	0
2834	1	497	1	0	0
2835	1	496	1	0	0
2836	5	493	5	0	0
2837	1	491	1	0	0
2838	1	480	1	0	0
2839	1	479	1	0	0
2840	1	479	1	0	0
2841	1	476	1	0	0
2842	6	475	6	0	0
2843	1	475	1	0	0
2844	1	475	1	0	0
2845	1	474	1	0	0
2846	1	473	1	0	0
2847	1	473	1	0	0
2848	1	473	1	0	0
2849	1	470	1	0	0
2850	5	469	5	0	0
2851	1	469	1	0	0
2852	1	468	1	0	0
2853	7	466	7	0	0
2854	1	465	1	0	0
2855	1	465	1	0	0
2856	1	463	1	0	0
2857	1	462	1	0	0
2858	1	462	1	0	0
2859	1	461	1	0	0
2860	1	461	1	0	0
2861	1	461	1	0	0
2862	14	460	1	0	0
2863	1	457	1	0	0
2864	1	456	1	0	0
2865	1	455	1	0	0
2866	1	454	1	0	0
2867	1	452	1	0	0
2868	1	450	1	0	0
2869	1	450	1	0	0
2870	5	448	5	0	0
2871	1	446	1	0	0
2872	1	442	1	0	0
2873	5	441	5	0	0
2874	1	440	1	0	0
2875	1	437	1	0	0
2876	10	436	1	0	0
2877	1	434	1	0	0
2878	1	419	1	0	0
2879	5	414	5	0	0
2880	1	412	1	0	0
2881	1	410	1	0	0
2882	1	408	1	0	0
2883	1	398	1	0	0
2884	1	397	1	0	0
2885	1	397	1	0	0
2886	1	396	1	0	0
2887	1	395	1	0	0
2888	1	393	1	0	0
2889	1	390	1	0	0
2890	1	390	1	0	0
2891	1	388	1	0	0
2892	1	387	1	0	0
2893	1	387	1	0	0
2894	1	386	1	0	0
2895	1	386	1	0	0
2896	1	385	1	0	0
2897	1	382	1	0	0
2898	2	381	1	0	0
2899	1	380	1	0	0
2900	1	380	1	0	0
2901	1	379	1	0	0
2902	1	378	1	0	0
2903	1	378	1	0	0
2904	1	378	1	0	0
2905	1	378	1	0	0
2906	1	377	1	0	0
2907	1	377	1	0	0
2908	1	377	1	0	0
2909	1	376	1	0	0
2910	1	375	1	0	0
2911	1	375	1	0	0
2912	1	373	1	0	0
2913	1	372	1	0	0
2914	1	372	1	0	0
2915	1	372	1	0	0
2916	1	371	1	0	0
2917	1	371	1	0	0
2918	1	370	1	0	0
2919	1	370	1	0	0
2920	1	370	1	0	0
2921	1	369	1	0	0
2922	1	368	1	0	0
2923	1	368	1	0	0
2924	1	368	1	0	0
2925	1	368	1	0	0
2926	1	368	1	0	0
2927	1	368	1	0	0
2928	1	367	1	0	0
2929	1	367	1	0	0
2930	1	365	1	0	0
2931	1	365	1	0	0
2932	1	365	1	0	0
2933	1	364	1	0	0
2934	1	363	1	0	0
2935	1	363	1	0	0
2936	1	362	1	0	0
2937	1	362	1	0	0
2938	1	362	1	0	0
2939	4	360	4	0	0
2940	4	360	4	0	0
2941	1	360	1	0	0
2942	1	360	1	0	0
2943	1	360	1	0	0
2944	1	359	1	0	0
2945	1	359	1	0	0
2946	1	358	1	0	0
2947	1	358	1	0	0
2948	1	358	1	0	0
2949	1	356	1	0	0
2950	1	356	1	0	0
2951	1	356	1	0	0
2952	1	355	1	0	0
2953	1	355	1	0	0
2954	1	354	1	0	0
2955	1	353	1	0	0
2956	1	353	1	0	0
2957	1	352	1	0	0
2958	1	351	1	0	0
2959	1	350	1	0	0
2960	1	350	1	0	0
2961	1	348	1	0	0
2962	1	348	1	0	0
2963	1	347	1	0	0
2964	1	343	1	0	0
2965	1	343	1	0	0
2966	1	343	1	0	0
2967	1	342	1	0	0
2968	1	341	1	0	0
2969	1	341	1	0	0
2970	4	339	4	0	0
2971	4	338	4	0	0
2972	1	338	1	0	0
2973	1	337	1	0	0
2974	1	337	1	0	0
2975	1	334	1	0	0
2976	1	334	1	0	0
2977	1	331	1	0	0
2978	1	329	1	0	0
2979	1	327	1	0	0
2980	1	321	1	0	0
2981	4	319	4	0	0
2982	1	315	1	0	0
2983	1	314	1	0	0
2984	1	309	1	0	0
2985	1	308	1	0	0
2986	1	307	1	0	0
2987	1	306	1	0	0
2988	1	306	1	0	0
2989	1	305	1	0	0
2990	1	304	1	0	0
2991	4	302	4	0	0
2992	1	301	1	0	0
2993	1	299	1	0	0
2994	1	297	1	0	0
2995	1	297	1	0	0
2996	1	296	1	0	0
2997	1	296	1	0	0
2998	1	295	1	0	0
2999	1	295	1	0	0
3000	1	294	1	0	0
3001	1	293	1	0	0
3002	1	293	1	0	0
3003	1	293	1	0	0
3004	1	293	1	0	0
3005	1	292	1	0	0
3006	1	292	1	0	0
3007	1	292	1	0	0
3008	1	291	1	0	0
3009	1	291	1	0	0
3010	1	290	1	0	0
3011	1	290	1	0	0
3012	1	290	1	0	0
3013	1	290	1	0	0
3014	1	290	1	0	0
3015	1	289	1	0	0
3016	1	289	1	0	0
3017	1	288	1	0	0
3018	1	288	1	0	0
3019	1	288	1	0	0
3020	3	287	3	0	0
3021	1	287	1	0	0
3022	1	286	1	0	0
3023	1	286	1	0	0
3024	1	285	1	0	0
3025	1	285	1	0	0
3026	1	285	1	0	0
3027	1	285	1	0	0
3028	1	285	1	0	0
3029	1	284	1	0	0
3030	1	284	1	0	0
3031	1	284	1	0	0
3032	1	284	1	0	0
3033	1	284	1	0	0
3034	1	283	1	0	0
3035	1	283	1	0	0
3036	1	283	1	0	0
3037	1	283	1	0	0
3038	1	283	1	0	0
3039	1	282	1	0	0
3040	1	282	1	0	0
3041	1	282	1	0	0
3042	1	281	1	0	0
3043	1	281	1	0	0
3044	1	281	1	0	0
3045	1	280	1	0	0
3046	1	280	1	0	0
3047	1	280	1	0	0
3048	1	279	1	0	0
3049	1	279	1	0	0
3050	1	279	1	0	0
3051	1	279	1	0	0
3052	1	279	1	0	0
3053	1	279	1	0	0
3054	1	278	1	0	0
3055	1	277	1	0	0
3056	1	276	1	0	0
3057	1	276	1	0	0
3058	1	275	1	0	0
3059	1	275	1	0	0
3060	1	275	1	0	0
3061	1	275	1	0	0
3062	1	275	1	0	0
3063	1	274	1	0	0
3064	1	274	1	0	0
3065	1	274	1	0	0
3066	1	273	1	0	0
3067	1	273	1	0	0
3068	1	272	1	0	0
3069	1	272	1	0	0
3070	1	272	1	0	0
3071	1	272	1	0	0
3072	1	272	1	0	0
3073	1	272	1	0	0
3074	1	272	1	0	0
3075	1	271	1	0	0
3076	1	271	1	0	0
3077	1	271	1	0	0
3078	1	270	1	0	0
3079	1	270	1	0	0
3080	1	270	1	0	0
3081	1	270	1	0	0
3082	1	270	1	0	0
3083	1	270	1	0	0
3084	1	270	1	0	0
3085	1	270	1	0	0
3086	1	270	1	0	0
3087	1	269	1	0	0
3088	1	269	1	0	0
3089	1	269	1	0	0
3090	1	269	1	0	0
3091	1	269	1	0	0
3092	1	269	1	0	0
3093	3	268	3	0	0
3094	1	268	1	0	0
3095	1	268	1	0	0
3096	1	268	1	0	0
3097	1	268	1	0	0
3098	1	266	1	0	0
3099	1	266	1	0	0
3100	1	265	1	0	0
3101	1	265	1	0	0
3102	1	264	1	0	0
3103	1	264	1	0	0
3104	1	263	1	0	0
3105	1	263	1	0	0
3106	1	263	1	0	0
3107	1	263	1	0	0
3108	1	263	1	0	0
3109	1	263	1	0	0
3110	1	262	1	0	0
3111	1	261	1	0	0
3112	1	261	1	0	0
3113	1	261	1	0	0
3114	1	261	1	0	0
3115	1	261	1	0	0
3116	1	261	1	0	0
3117	1	260	1	0	0
3118	1	260	1	0	0
3119	1	259	1	0	0
3120	1	258	1	0	0
3121	1	257	1	0	0
3122	1	257	1	0	0
3123	1	256	1	0	0
3124	1	255	1	0	0
3125	1	254	1	0	0
3126	1	253	1	0	0
3127	1	253	1	0	0
3128	1	253	1	0	0
3129	1	252	1	0	0
3130	1	251	1	0	0
3131	1	251	1	0	0
3132	1	251	1	0	0
3133	3	247	3	0	0
3134	1	247	1	0	0
3135	3	243	3	0	0
3136	1	241	1	0	0
3137	1	237	1	0	0
3138	1	237	1	0	0
3139	1	229	1	0	0
3140	1	227	1	0	0
3141	25	223	1	0	0
3142	1	222	1	0	0
3143	1	221	1	0	0
3144	1	218	1	0	0
3145	1	216	1	0	0
3146	1	214	1	0	0
3147	1	213	1	0	0
3148	1	212	1	0	0
3149	1	210	1	0	0
3150	1	210	1	0	0
3151	1	210	1	0	0
3152	1	209	1	0	0
3153	1	209	1	0	0
3154	1	209	1	0	0
3155	1	208	1	0	0
3156	1	208	1	0	0
3157	1	208	1	0	0
3158	1	207	1	0	0
3159	1	207	1	0	0
3160	1	206	1	0	0
3161	1	206	1	0	0
3162	1	205	1	0	0
3163	1	205	1	0	0
3164	1	204	1	0	0
3165	1	204	1	0	0
3166	1	204	1	0	0
3167	1	204	1	0	0
3168	1	203	1	0	0
3169	1	203	1	0	0
3170	1	203	1	0	0
3171	1	203	1	0	0
3172	1	202	1	0	0
3173	1	202	1	0	0
3174	1	201	1	0	0
3175	1	200	1	0	0
3176	1	200	1	0	0
3177	1	200	1	0	0
3178	1	200	1	0	0
3179	1	200	1	0	0
3180	1	200	1	0	0
3181	2	199	2	0	0
3182	1	199	1	0	0
3183	1	199	1	0	0
3184	1	199	1	0	0
3185	1	199	1	0	0
3186	1	199	1	0	0
3187	1	198	1	0	0
3188	1	198	1	0	0
3189	1	197	1	0	0
3190	1	197	1	0	0
3191	1	197	1	0	0
3192	1	197	1	0	0
3193	1	197	1	0	0
3194	1	197	1	0	0
3195	1	196	1	0	0
3196	1	196	1	0	0
3197	1	196	1	0	0
3198	1	196	1	0	0
3199	1	196	1	0	0
3200	1	196	1	0	0
3201	1	196	1	0	0
3202	3	195	3	0	0
3203	1	195	1	0	0
3204	1	195	1	0	0
3205	1	195	1	0	0
3206	1	195	1	0	0
3207	1	195	1	0	0
3208	1	195	1	0	0
3209	1	194	1	0	0
3210	1	194	1	0	0
3211	1	194	1	0	0
3212	1	194	1	0	0
3213	1	194	1	0	0
3214	2	193	2	0	0
3215	1	193	1	0	0
3216	1	193	1	0	0
3217	1	193	1	0	0
3218	1	192	1	0	0
3219	1	192	1	0	0
3220	1	192	1	0	0
3221	1	192	1	0	0
3222	1	192	1	0	0
3223	1	192	1	0	0
3224	1	192	1	0	0
3225	1	192	1	0	0
3226	1	192	1	0	0
3227	1	191	1	0	0
3228	1	191	1	0	0
3229	1	191	1	0	0
3230	1	191	1	0	0
3231	1	191	1	0	0
3232	1	191	1	0	0
3233	1	191	1	0	0
3234	1	191	1	0	0
3235	1	191	1	0	0
3236	1	190	1	0	0
3237	1	190	1	0	0
3238	1	190	1	0	0
3239	1	190	1	0	0
3240	1	190	1	0	0
3241	1	190	1	0	0
3242	1	190	1	0	0
3243	1	190	1	0	0
3244	1	190	1	0	0
3245	1	189	1	0	0
3246	1	189	1	0	0
3247	1	189	1	0	0
3248	1	189	1	0	0
3249	1	189	1	0	0
3250	1	189	1	0	0
3251	1	189	1	0	0
3252	1	189	1	0	0
3253	1	188	1	0	0
3254	1	188	1	0	0
3255	1	188	1	0	0
3256	1	188	1	0	0
3257	1	188	1	0	0
3258	1	188	1	0	0
3259	1	188	1	0	0
3260	1	188	1	0	0
3261	1	188	1	0	0
3262	1	188	1	0	0
3263	1	187	1	0	0
3264	1	187	1	0	0
3265	1	187	1	0	0
3266	1	187	1	0	0
3267	1	187	1	0	0
3268	1	187	1	0	0
3269	1	187	1	0	0
3270	1	187	1	0	0
3271	1	187	1	0	0
3272	1	187	1	0	0
3273	1	187	1	0	0
3274	1	186	1	0	0
3275	1	186	1	0	0
3276	1	186	1	0	0
3277	1	186	1	0	0
3278	1	186	1	0	0
3279	1	186	1	0	0
3280	1	186	1	0	0
3281	1	186	1	0	0
3282	1	186	1	0	0
3283	1	185	1	0	0
3284	1	185	1	0	0
3285	1	185	1	0	0
3286	1	185	1	0	0
3287	1	185	1	0	0
3288	1	185	1	0	0
3289	1	185	1	0	0
3290	1	185	1	0	0
3291	1	184	1	0	0
3292	1	184	1	0	0
3293	1	184	1	0	0
3294	1	184	1	0	0
3295	1	184	1	0	0
3296	1	184	1	0	0
3297	1	184	1	0	0
3298	1	184	1	0	0
3299	1	184	1	0	0
3300	1	184	1	0	0
3301	1	183	1	0	0
3302	1	183	1	0	0
3303	1	183	1	0	0
3304	1	183	1	0	0
3305	1	183	1	0	0
3306	1	183	1	0	0
3307	1	183	1	0	0
3308	1	183	1	0	0
3309	1	183	1	0	0
3310	1	183	1	0	0
3311	1	182	1	0	0
3312	1	182	1	0	0
3313	1	182	1	0	0
3314	1	182	1	0	0
3315	1	182	1	0	0
3316	1	182	1	0	0
3317	2	181	1	0	0
3318	1	181	1	0	0
3319	1	181	1	0	0
3320	1	181	1	0	0
3321	1	181	1	0	0
3322	1	181	1	0	0
3323	1	181	1	0	0
3324	1	181	1	0	0
3325	1	181	1	0	0
3326	1	180	1	0	0
3327	1	180	1	0	0
3328	1	180	1	0	0
3329	1	180	1	0	0
3330	1	180	1	0	0
3331	1	180	1	0	0
3332	1	180	1	0	0
3333	1	180	1	0	0
3334	1	180	1	0	0
3335	1	180	1	0	0
3336	1	180	1	0	0
3337	1	180	1	0	0
3338	1	179	1	0	0
3339	1	179	1	0	0
3340	1	179	1	0	0
3341	1	178	1	0	0
3342	1	178	1	0	0
3343	1	178	1	0	0
3344	1	178	1	0	0
3345	1	178	1	0	0
3346	1	178	1	0	0
3347	1	178	1	0	0
3348	1	178	1	0	0
3349	1	178	1	0	0
3350	1	178	1	0	0
3351	1	178	1	0	0
3352	1	178	1	0	0
3353	1	178	1	0	0
3354	1	177	1	0	0
3355	1	177	1	0	0
3356	1	177	1	0	0
3357	1	177	1	0	0
3358	1	177	1	0	0
3359	1	177	1	0	0
3360	1	177	1	0	0
3361	1	177	1	0	0
3362	1	177	1	0	0
3363	1	177	1	0	0
3364	1	177	1	0	0
3365	1	176	1	0	0
3366	1	176	1	0	0
3367	1	176	1	0	0
3368	1	176	1	0	0
3369	1	176	1	0	0
3370	1	176	1	0	0
3371	1	176	1	0	0
3372	1	176	1	0	0
3373	1	176	1	0	0
3374	1	176	1	0	0
3375	1	175	1	0	0
3376	1	175	1	0	0
3377	1	175	1	0	0
3378	1	175	1	0	0
3379	1	175	1	0	0
3380	1	175	1	0	0
3381	1	175	1	0	0
3382	1	174	1	0	0
3383	1	174	1	0	0
3384	1	174	1	0	0
3385	1	174	1	0	0
3386	1	174	1	0	0
3387	1	174	1	0	0
3388	1	174	1	0	0
3389	1	174	1	0	0
3390	1	173	1	0	0
3391	1	173	1	0	0
3392	1	173	1	0	0
3393	1	173	1	0	0
3394	1	173	1	0	0
3395	1	173	1	0	0
3396	1	173	1	0	0
3397	1	173	1	0	0
3398	2	172	2	0	0
3399	1	172	1	0	0
3400	1	172	1	0	0
3401	1	172	1	0	0
3402	1	172	1	0	0
3403	1	172	1	0	0
3404	1	172	1	0	0
3405	1	172	1	0	0
3406	1	171	1	0	0
3407	1	171	1	0	0
3408	1	171	1	0	0
3409	1	171	1	0	0
3410	1	171	1	0	0
3411	2	170	2	0	0
3412	1	170	1	0	0
3413	1	170	1	0	0
3414	1	170	1	0	0
3415	1	170	1	0	0
3416	1	170	1	0	0
3417	1	170	1	0	0
3418	1	170	1	0	0
3419	1	170	1	0	0
3420	1	170	1	0	0
3421	1	170	1	0	0
3422	1	170	1	0	0
3423	1	170	1	0	0
3424	1	170	1	0	0
3425	1	170	1	0	0
3426	1	169	1	0	0
3427	1	169	1	0	0
3428	1	169	1	0	0
3429	1	169	1	0	0
3430	1	168	1	0	0
3431	1	168	1	0	0
3432	1	168	1	0	0
3433	1	168	1	0	0
3434	1	168	1	0	0
3435	1	168	1	0	0
3436	1	168	1	0	0
3437	1	167	1	0	0
3438	1	167	1	0	0
3439	1	167	1	0	0
3440	1	167	1	0	0
3441	1	167	1	0	0
3442	1	167	1	0	0
3443	1	166	1	0	0
3444	1	166	1	0	0
3445	1	166	1	0	0
3446	1	166	1	0	0
3447	1	166	1	0	0
3448	1	166	1	0	0
3449	1	166	1	0	0
3450	1	166	1	0	0
3451	1	165	1	0	0
3452	1	165	1	0	0
3453	1	165	1	0	0
3454	1	164	1	0	0
3455	1	164	1	0	0
3456	1	164	1	0	0
3457	1	164	1	0	0
3458	1	163	1	0	0
3459	1	163	1	0	0
3460	1	163	1	0	0
3461	1	163	1	0	0
3462	1	162	1	0	0
3463	1	162	1	0	0
3464	1	162	1	0	0
3465	1	162	1	0	0
3466	1	161	1	0	0
3467	1	161	1	0	0
3468	2	160	2	0	0
3469	1	160	1	0	0
3470	1	160	1	0	0
3471	1	160	1	0	0
3472	1	158	1	0	0
3473	2	157	2	0	0
3474	1	157	1	0	0
3475	32	155	1	0	0
3476	1	155	1	0	0
3477	1	155	1	0	0
3478	1	146	1	0	0
3479	26	137	1	0	0
3480	24	135	1	0	0
3481	1	132	1	0	0
3482	1	127	1	0	0
3483	1	126	1	0	0
3484	1	125	1	0	0
3485	1	122	1	0	0
3486	1	121	1	0	0
3487	1	121	1	0	0
3488	16	120	1	0	0
3489	1	119	1	0	0
3490	1	119	1	0	0
3491	1	118	1	0	0
3492	1	118	1	0	0
3493	1	117	1	0	0
3494	1	117	1	0	0
3495	1	116	1	0	0
3496	1	116	1	0	0
3497	1	116	1	0	0
3498	1	116	1	0	0
3499	1	116	1	0	0
3500	1	115	1	0	0
3501	1	115	1	0	0
3502	1	114	1	0	0
3503	1	114	1	0	0
3504	1	114	1	0	0
3505	1	114	1	0	0
3506	1	113	1	0	0
3507	1	113	1	0	0
3508	1	113	1	0	0
3509	1	112	1	0	0
3510	1	112	1	0	0
3511	1	112	1	0	0
3512	1	112	1	0	0
3513	1	112	1	0	0
3514	1	112	1	0	0
3515	1	112	1	0	0
3516	1	112	1	0	0
3517	19	111	1	0	0
3518	1	111	1	0	0
3519	1	111	1	0	0
3520	1	111	1	0	0
3521	1	111	1	0	0
3522	1	111	1	0	0
3523	1	110	1	0	0
3524	1	110	1	0	0
3525	1	110	1	0	0
3526	1	110	1	0	0
3527	1	110	1	0	0
3528	1	109	1	0	0
3529	1	109	1	0	0
3530	1	109	1	0	0
3531	1	109	1	0	0
3532	1	109	1	0	0
3533	1	109	1	0	0
3534	1	109	1	0	0
3535	1	109	1	0	0
3536	1	109	1	0	0
3537	1	109	1	0	0
3538	1	109	1	0	0
3539	1	109	1	0	0
3540	1	109	1	0	0
3541	1	109	1	0	0
3542	1	109	1	0	0
3543	1	109	1	0	0
3544	1	109	1	0	0
3545	1	109	1	0	0
3546	1	109	1	0	0
3547	1	109	1	0	0
3548	1	109	1	0	0
3549	1	108	1	0	0
3550	1	108	1	0	0
3551	1	108	1	0	0
3552	1	108	1	0	0
3553	1	108	1	0	0
3554	1	108	1	0	0
3555	1	108	1	0	0
3556	1	108	1	0	0
3557	1	108	1	0	0
3558	1	108	1	0	0
3559	1	108	1	0	0
3560	1	108	1	0	0
3561	1	108	1	0	0
3562	1	108	1	0	0
3563	1	108	1	0	0
3564	1	108	1	0	0
3565	1	108	1	0	0
3566	1	107	1	0	0
3567	1	107	1	0	0
3568	1	107	1	0	0
3569	1	107	1	0	0
3570	1	107	1	0	0
3571	1	107	1	0	0
3572	1	107	1	0	0
3573	1	107	1	0	0
3574	1	107	1	0	0
3575	1	107	1	0	0
3576	1	107	1	0	0
3577	1	107	1	0	0
3578	1	107	1	0	0
3579	1	107	1	0	0
3580	1	107	1	0	0
3581	1	107	1	0	0
3582	1	107	1	0	0
3583	1	107	1	0	0
3584	1	107	1	0	0
3585	1	107	1	0	0
3586	1	107	1	0	0
3587	1	106	1	0	0
3588	1	106	1	0	0
3589	1	106	1	0	0
3590	1	106	1	0	0
3591	1	106	1	0	0
3592	1	106	1	0	0
3593	1	106	1	0	0
3594	1	106	1	0	0
3595	1	106	1	0	0
3596	1	106	1	0	0
3597	1	106	1	0	0
3598	1	106	1	0	0
3599	1	106	1	0	0
3600	1	106	1	0	0
3601	1	106	1	0	0
3602	1	106	1	0	0
3603	1	105	1	0	0
3604	1	105	1	0	0
3605	1	105	1	0	0
3606	1	105	1	0	0
3607	1	105	1	0	0
3608	1	105	1	0	0
3609	1	105	1	0	0
3610	1	105	1	0	0
3611	1	105	1	0	0
3612	1	105	1	0	0
3613	1	105	1	0	0
3614	1	105	1	0	0
3615	1	105	1	0	0
3616	1	105	1	0	0
3617	1	105	1	0	0
3618	1	105	1	0	0
3619	1	105	1	0	0
3620	1	105	1	0	0
3621	1	105	1	0	0
3622	1	105	1	0	0
3623	1	105	1	0	0
3624	1	105	1	0	0
3625	1	105	1	0	0
3626	1	105	1	0	0
3627	1	105	1	0	0
3628	1	105	1	0	0
3629	1	104	1	0	0
3630	1	104	1	0	0
3631	1	104	1	0	0
3632	1	104	1	0	0
3633	1	104	1	0	0
3634	1	104	1	0	0
3635	1	104	1	0	0
3636	1	104	1	0	0
3637	1	104	1	0	0
3638	1	104	1	0	0
3639	1	104	1	0	0
3640	1	104	1	0	0
3641	1	104	1	0	0
3642	1	104	1	0	0
3643	1	104	1	0	0
3644	1	104	1	0	0
3645	1	104	1	0	0
3646	1	104	1	0	0
3647	1	104	1	0	0
3648	5	103	1	0	0
3649	1	103	1	0	0
3650	1	103	1	0	0
3651	1	103	1	0	0
3652	1	103	1	0	0
3653	1	103	1	0	0
3654	1	103	1	0	0
3655	1	103	1	0	0
3656	1	103	1	0	0
3657	1	103	1	0	0
3658	1	103	1	0	0
3659	1	103	1	0	0
3660	1	103	1	0	0
3661	1	103	1	0	0
3662	1	103	1	0	0
3663	1	103	1	0	0
3664	1	103	1	0	0
3665	1	103	1	0	0
3666	1	103	1	0	0
3667	1	103	1	0	0
3668	1	103	1	0	0
3669	1	103	1	0	0
3670	1	102	1	0	0
3671	1	102	1	0	0
3672	1	102	1	0	0
3673	1	102	1	0	0
3674	1	102	1	0	0
3675	1	102	1	0	0
3676	1	102	1	0	0
3677	1	102	1	0	0
3678	1	102	1	0	0
3679	1	102	1	0	0
3680	1	102	1	0	0
3681	1	102	1	0	0
3682	1	102	1	0	0
3683	1	102	1	0	0
3684	1	102	1	0	0
3685	1	102	1	0	0
3686	1	102	1	0	0
3687	1	102	1	0	0
3688	1	102	1	0	0
3689	1	102	1	0	0
3690	1	102	1	0	0
3691	1	102	1	0	0
3692	5	101	1	0	0
3693	1	101	1	0	0
3694	1	101	1	0	0
3695	1	101	1	0	0
3696	1	101	1	0	0
3697	1	101	1	0	0
3698	1	101	1	0	0
3699	1	101	1	0	0
3700	1	101	1	0	0
3701	1	101	1	0	0
3702	1	101	1	0	0
3703	1	101	1	0	0
3704	1	101	1	0	0
3705	1	101	1	0	0
3706	1	101	1	0	0
3707	1	101	1	0	0
3708	1	101	1	0	0
3709	1	101	1	0	0
3710	1	101	1	0	0
3711	1	101	1	0	0
3712	1	101	1	0	0
3713	1	101	1	0	0
3714	1	101	1	0	0
3715	1	101	1	0	0
3716	1	101	1	0	0
3717	1	101	1	0	0
3718	1	101	1	0	0
3719	1	101	1	0	0
3720	1	101	1	0	0
3721	1	101	1	0	0
3722	1	101	1	0	0
3723	1	101	1	0	0
3724	1	101	1	0	0
3725	1	100	1	0	0
3726	1	100	1	0	0
3727	1	100	1	0	0
3728	1	100	1	0	0
3729	1	100	1	0	0
3730	1	100	1	0	0
3731	1	100	1	0	0
3732	1	100	1	0	0
3733	1	100	1	0	0
3734	1	100	1	0	0
3735	1	100	1	0	0
3736	1	100	1	0	0
3737	1	100	1	0	0
3738	1	100	1	0	0
3739	1	100	1	0	0
3740	1	100	1	0	0
3741	1	100	1	0	0
3742	1	100	1	0	0
3743	1	100	1	0	0
3744	1	100	1	0	0
3745	1	100	1	0	0
3746	1	100	1	0	0
3747	1	100	1	0	0
3748	1	100	1	0	0
3749	1	100	1	0	0
3750	1	100	1	0	0
3751	1	100	1	0	0
3752	1	100	1	0	0
3753	1	100	1	0	0
3754	1	100	1	0	0
3755	1	100	1	0	0
3756	1	100	1	0	0
3757	1	100	1	0	0
3758	1	100	1	0	0
3759	1	100	1	0	0
3760	1	100	1	0	0
3761	1	100	1	0	0
3762	1	100	1	0	0
3763	1	100	1	0	0
3764	1	100	1	0	0
3765	1	100	1	0	0
3766	1	100	1	0	0
3767	1	100	1	0	0
3768	1	100	1	0	0
3769	1	100	1	0	0
3770	1	100	1	0	0
3771	1	99	1	0	0
3772	1	99	1	0	0
3773	1	99	1	0	0
3774	1	99	1	0	0
3775	1	99	1	0	0
3776	1	99	1	0	0
3777	1	99	1	0	0
3778	1	99	1	0	0
3779	1	99	1	0	0
3780	1	99	1	0	0
3781	1	99	1	0	0
3782	1	99	1	0	0
3783	1	99	1	0	0
3784	1	99	1	0	0
3785	1	99	1	0	0
3786	1	99	1	0	0
3787	1	99	1	0	0
3788	1	99	1	0	0
3789	1	99	1	0	0
3790	1	99	1	0	0
3791	1	99	1	0	0
3792	1	99	1	0	0
3793	1	99	1	0	0
3794	1	99	1	0	0
3795	1	99	1	0	0
3796	1	99	1	0	0
3797	1	99	1	0	0
3798	1	99	1	0	0
3799	1	99	1	0	0
3800	1	99	1	0	0
3801	1	99	1	0	0
3802	1	99	1	0	0
3803	1	99	1	0	0
3804	1	99	1	0	0
3805	1	98	1	0	0
3806	1	98	1	0	0
3807	1	98	1	0	0
3808	1	98	1	0	0
3809	1	98	1	0	0
3810	1	98	1	0	0
3811	1	98	1	0	0
3812	1	98	1	0	0
3813	1	98	1	0	0
3814	1	98	1	0	0
3815	1	98	1	0	0
3816	1	98	1	0	0
3817	1	98	1	0	0
3818	1	98	1	0	0
3819	1	98	1	0	0
3820	1	98	1	0	0
3821	1	98	1	0	0
3822	1	98	1	0	0
3823	1	98	1	0	0
3824	1	98	1	0	0
3825	1	98	1	0	0
3826	1	98	1	0	0
3827	1	98	1	0	0
3828	1	98	1	0	0
3829	1	98	1	0	0
3830	1	98	1	0	0
3831	1	98	1	0	0
3832	1	98	1	0	0
3833	1	98	1	0	0
3834	1	98	1	0	0
3835	1	98	1	0	0
3836	1	98	1	0	0
3837	1	98	1	0	0
3838	1	98	1	0	0
3839	1	98	1	0	0
3840	1	98	1	0	0
3841	1	98	1	0	0
3842	1	98	1	0	0
3843	1	98	1	0	0
3844	1	98	1	0	0
3845	1	98	1	0	0
3846	1	98	1	0	0
3847	1	98	1	0	0
3848	1	98	1	0	0
3849	1	98	1	0	0
3850	2	97	1	0	0
3851	1	97	1	0	0
3852	1	97	1	0	0
3853	1	97	1	0	0
3854	1	97	1	0	0
3855	1	97	1	0	0
3856	1	97	1	0	0
3857	1	97	1	0	0
3858	1	97	1	0	0
3859	1	97	1	0	0
3860	1	97	1	0	0
3861	1	97	1	0	0
3862	1	97	1	0	0
3863	1	97	1	0	0
3864	1	97	1	0	0
3865	1	97	1	0	0
3866	1	97	1	0	0
3867	1	97	1	0	0
3868	1	97	1	0	0
3869	1	97	1	0	0
3870	1	97	1	0	0
3871	1	97	1	0	0
3872	1	97	1	0	0
3873	1	97	1	0	0
3874	1	97	1	0	0
3875	1	97	1	0	0
3876	1	97	1	0	0
3877	1	97	1	0	0
3878	1	97	1	0	0
3879	1	97	1	0	0
3880	1	97	1	0	0
3881	1	97	1	0	0
3882	1	97	1	0	0
3883	1	97	1	0	0
3884	1	97	1	0	0
3885	1	97	1	0	0
3886	1	97	1	0	0
3887	1	97	1	0	0
3888	1	96	1	0	0
3889	1	96	1	0	0
3890	1	96	1	0	0
3891	1	96	1	0	0
3892	1	96	1	0	0
3893	1	96	1	0	0
3894	1	96	1	0	0
3895	1	96	1	0	0
3896	1	96	1	0	0
3897	1	96	1	0	0
3898	1	96	1	0	0
3899	1	96	1	0	0
3900	1	96	1	0	0
3901	1	96	1	0	0
3902	1	96	1	0	0
3903	1	96	1	0	0
3904	1	96	1	0	0
3905	1	96	1	0	0
3906	1	96	1	0	0
3907	1	96	1	0	0
3908	1	96	1	0	0
3909	1	96	1	0	0
3910	1	96	1	0	0
3911	1	96	1	0	0
3912	1	96	1	0	0
3913	1	96	1	0	0
3914	1	96	1	0	0
3915	1	96	1	0	0
3916	1	96	1	0	0
3917	1	96	1	0	0
3918	1	96	1	0	0
3919	1	96	1	0	0
3920	1	96	1	0	0
3921	1	96	1	0	0
3922	1	96	1	0	0
3923	1	96	1	0	0
3924	1	96	1	0	0
3925	1	96	1	0	0
3926	1	96	1	0	0
3927	1	96	1	0	0
3928	1	96	1	0	0
3929	1	96	1	0	0
3930	1	96	1	0	0
3931	1	96	1	0	0
3932	1	96	1	0	0
3933	1	96	1	0	0
3934	1	96	1	0	0
3935	1	96	1	0	0
3936	1	96	1	0	0
3937	1	96	1	0	0
3938	1	96	1	0	0
3939	1	96	1	0	0
3940	1	96	1	0	0
3941	1	96	1	0	0
3942	1	96	1	0	0
3943	1	96	1	0	0
3944	1	96	1	0	0
3945	1	96	1	0	0
3946	1	96	1	0	0
3947	1	96	1	0	0
3948	1	96	1	0	0
3949	1	95	1	0	0
3950	1	95	1	0	0
3951	1	95	1	0	0
3952	1	95	1	0	0
3953	1	95	1	0	0
3954	1	95	1	0	0
3955	1	95	1	0	0
3956	1	95	1	0	0
3957	1	95	1	0	0
3958	1	95	1	0	0
3959	1	95	1	0	0
3960	1	95	1	0	0
3961	1	95	1	0	0
3962	1	95	1	0	0
3963	1	95	1	0	0
3964	1	95	1	0	0
3965	1	95	1	0	0
3966	1	95	1	0	0
3967	1	95	1	0	0
3968	1	95	1	0	0
3969	1	95	1	0	0
3970	1	95	1	0	0
3971	1	95	1	0	0
3972	1	95	1	0	0
3973	1	95	1	0	0
3974	1	95	1	0	0
3975	1	95	1	0	0
3976	1	95	1	0	0
3977	1	95	1	0	0
3978	1	95	1	0	0
3979	1	95	1	0	0
3980	1	95	1	0	0
3981	1	95	1	0	0
3982	1	95	1	0	0
3983	1	95	1	0	0
3984	1	95	1	0	0
3985	1	95	1	0	0
3986	1	95	1	0	0
3987	1	95	1	0	0
3988	1	95	1	0	0
3989	1	95	1	0	0
3990	1	95	1	0	0
3991	1	95	1	0	0
3992	1	95	1	0	0
3993	1	95	1	0	0
3994	1	95	1	0	0
3995	1	95	1	0	0
3996	1	95	1	0	0
3997	1	95	1	0	0
3998	1	95	1	0	0
3999	1	95	1	0	0
4000	1	95	1	0	0
4001	1	95	1	0	0
4002	1	95	1	0	0
4003	1	95	1	0	0
4004	1	95	1	0	0
4005	1	95	1	0	0
4006	1	95	1	0	0
4007	1	95	1	0	0
4008	1	95	1	0	0
4009	1	95	1	0	0
4010	1	95	1	0	0
4011	1	95	1	0	0
4012	1	94	1	0	0
4013	1	94	1	0	0
4014	1	94	1	0	0
4015	1	94	1	0	0
4016	1	94	1	0	0
4017	1	94	1	0	0
4018	1	94	1	0	0
4019	1	94	1	0	0
4020	1	94	1	0	0
4021	1	94	1	0	0
4022	1	94	1	0	0
4023	1	94	1	0	0
4024	1	94	1	0	0
4025	1	94	1	0	0
4026	1	94	1	0	0
4027	1	94	1	0	0
4028	1	94	1	0	0
4029	1	94	1	0	0
4030	1	94	1	0	0
4031	1	94	1	0	0
4032	1	94	1	0	0
4033	1	94	1	0	0
4034	1	94	1	0	0
4035	1	94	1	0	0
4036	1	94	1	0	0
4037	1	94	1	0	0
4038	1	94	1	0	0
4039	1	94	1	0	0
4040	1	94	1	0	0
4041	1	94	1	0	0
4042	1	94	1	0	0
4043	1	94	1	0	0
4044	1	94	1	0	0
4045	1	94	1	0	0
4046	1	94	1	0	0
4047	1	94	1	0	0
4048	1	94	1	0	0
4049	1	94	1	0	0
4050	1	94	1	0	0
4051	1	94	1	0	0
4052	1	94	1	0	0
4053	1	94	1	0	0
4054	1	94	1	0	0
4055	1	94	1	0	0
4056	1	94	1	0	0
4057	1	94	1	0	0
4058	1	94	1	0	0
4059	1	94	1	0	0
4060	1	94	1	0	0
4061	1	94	1	0	0
4062	1	94	1	0	0
4063	1	94	1	0	0
4064	1	94	1	0	0
4065	1	94	1	0	0
4066	1	94	1	0	0
4067	1	94	1	0	0
4068	1	94	1	0	0
4069	1	94	1	0	0
4070	1	93	1	0	0
4071	1	93	1	0	0
4072	1	93	1	0	0
4073	1	93	1	0	0
4074	1	93	1	0	0
4075	1	93	1	0	0
4076	1	93	1	0	0
4077	1	93	1	0	0
4078	1	93	1	0	0
4079	1	93	1	0	0
4080	1	93	1	0	0
4081	1	93	1	0	0
4082	1	93	1	0	0
4083	1	93	1	0	0
4084	1	93	1	0	0
4085	1	93	1	0	0
4086	1	93	1	0	0
4087	1	93	1	0	0
4088	1	93	1	0	0
4089	1	93	1	0	0
4090	1	93	1	0	0
4091	1	93	1	0	0
4092	1	93	1	0	0
4093	1	93	1	0	0
4094	1	93	1	0	0
4095	1	93	1	0	0
4096	1	93	1	0	0
4097	1	93	1	0	0
4098	1	93	1	0	0
4099	1	93	1	0	0
4100	1	93	1	0	0
4101	1	93	1	0	0
4102	1	93	1	0	0
4103	1	93	1	0	0
4104	1	93	1	0	0
4105	1	93	1	0	0
4106	1	93	1	0	0
4107	1	93	1	0	0
4108	1	93	1	0	0
4109	1	93	1	0	0
4110	1	93	1	0	0
4111	1	93	1	0	0
4112	1	93	1	0	0
4113	1	93	1	0	0
4114	1	93	1	0	0
4115	1	93	1	0	0
4116	1	93	1	0	0
4117	1	93	1	0	0
4118	1	93	1	0	0
4119	1	93	1	0	0
4120	1	93	1	0	0
4121	1	93	1	0	0
4122	1	93	1	0	0
4123	1	93	1	0	0
4124	1	93	1	0	0
4125	1	92	1	0	0
4126	1	92	1	0	0
4127	1	92	1	0	0
4128	1	92	1	0	0
4129	1	92	1	0	0
4130	1	92	1	0	0
4131	1	92	1	0	0
4132	1	92	1	0	0
4133	1	92	1	0	0
4134	1	92	1	0	0
4135	1	92	1	0	0
4136	1	92	1	0	0
4137	1	92	1	0	0
4138	1	92	1	0	0
4139	1	92	1	0	0
4140	1	92	1	0	0
4141	1	92	1	0	0
4142	1	92	1	0	0
4143	1	92	1	0	0
4144	1	92	1	0	0
4145	1	92	1	0	0
4146	1	92	1	0	0
4147	1	92	1	0	0
4148	1	92	1	0	0
4149	1	92	1	0	0
4150	1	92	1	0	0
4151	1	92	1	0	0
4152	1	92	1	0	0
4153	1	92	1	0	0
4154	1	92	1	0	0
4155	1	92	1	0	0
4156	1	92	1	0	0
4157	1	92	1	0	0
4158	1	92	1	0	0
4159	1	92	1	0	0
4160	1	92	1	0	0
4161	1	92	1	0	0
4162	1	92	1	0	0
4163	1	92	1	0	0
4164	1	92	1	0	0
4165	1	92	1	0	0
4166	1	92	1	0	0
4167	1	92	1	0	0
4168	1	92	1	0	0
4169	1	92	1	0	0
4170	1	92	1	0	0
4171	1	92	1	0	0
4172	2	91	1	0	0
4173	1	91	1	0	0
4174	1	91	1	0	0
4175	1	91	1	0	0
4176	1	91	1	0	0
4177	1	91	1	0	0
4178	1	91	1	0	0
4179	1	91	1	0	0
4180	1	91	1	0	0
4181	1	91	1	0	0
4182	1	91	1	0	0
4183	1	91	1	0	0
4184	1	91	1	0	0
4185	1	91	1	0	0
4186	1	91	1	0	0
4187	1	91	1	0	0
4188	1	91	1	0	0
4189	1	91	1	0	0
4190	1	91	1	0	0
4191	1	91	1	0	0
4192	1	91	1	0	0
4193	1	91	1	0	0
4194	1	91	1	0	0
4195	1	91	1	0	0
4196	1	91	1	0	0
4197	1	91	1	0	0
4198	1	91	1	0	0
4199	1	91	1	0	0
4200	1	91	1	0	0
4201	1	91	1	0	0
4202	1	91	1	0	0
4203	1	91	1	0	0
4204	1	91	1	0	0
4205	1	91	1	0	0
4206	1	91	1	0	0
4207	1	91	1	0	0
4208	1	91	1	0	0
4209	1	91	1	0	0
4210	1	91	1	0	0
4211	1	91	1	0	0
4212	1	91	1	0	0
4213	1	91	1	0	0
4214	1	91	1	0	0
4215	1	91	1	0	0
4216	1	91	1	0	0
4217	1	91	1	0	0
4218	1	91	1	0	0
4219	1	91	1	0	0
4220	1	91	1	0	0
4221	1	91	1	0	0
4222	1	91	1	0	0
4223	1	91	1	0	0
4224	1	91	1	0	0
4225	1	91	1	0	0
4226	1	91	1	0	0
4227	1	91	1	0	0
4228	1	91	1	0	0
4229	1	91	1	0	0
4230	1	91	1	0	0
4231	1	90	1	0	0
4232	1	90	1	0	0
4233	1	90	1	0	0
4234	1	90	1	0	0
4235	1	90	1	0	0
4236	1	90	1	0	0
4237	1	90	1	0	0
4238	1	90	1	0	0
4239	1	90	1	0	0
4240	1	90	1	0	0
4241	1	90	1	0	0
4242	1	90	1	0	0
4243	1	90	1	0	0
4244	1	90	1	0	0
4245	1	90	1	0	0
4246	1	90	1	0	0
4247	1	90	1	0	0
4248	1	90	1	0	0
4249	1	90	1	0	0
4250	1	90	1	0	0
4251	1	90	1	0	0
4252	1	90	1	0	0
4253	1	90	1	0	0
4254	1	90	1	0	0
4255	1	90	1	0	0
4256	1	90	1	0	0
4257	1	90	1	0	0
4258	1	90	1	0	0
4259	1	90	1	0	0
4260	1	90	1	0	0
4261	1	90	1	0	0
4262	1	90	1	0	0
4263	1	90	1	0	0
4264	1	90	1	0	0
4265	1	90	1	0	0
4266	1	90	1	0	0
4267	1	90	1	0	0
4268	1	90	1	0	0
4269	1	90	1	0	0
4270	1	90	1	0	0
4271	1	90	1	0	0
4272	1	90	1	0	0
4273	1	90	1	0	0
4274	1	90	1	0	0
4275	1	90	1	0	0
4276	1	90	1	0	0
4277	1	90	1	0	0
4278	1	90	1	0	0
4279	1	90	1	0	0
4280	1	90	1	0	0
4281	1	90	1	0	0
4282	1	90	1	0	0
4283	1	90	1	0	0
4284	1	90	1	0	0
4285	1	90	1	0	0
4286	1	90	1	0	0
4287	1	90	1	0	0
4288	1	90	1	0	0
4289	1	90	1	0	0
4290	1	90	1	0	0
4291	1	90	1	0	0
4292	1	90	1	0	0
4293	1	90	1	0	0
4294	1	90	1	0	0
4295	1	89	1	0	0
4296	1	89	1	0	0
4297	1	89	1	0	0
4298	1	89	1	0	0
4299	1	89	1	0	0
4300	1	89	1	0	0
4301	1	89	1	0	0
4302	1	89	1	0	0
4303	1	89	1	0	0
4304	1	89	1	0	0
4305	1	89	1	0	0
4306	1	89	1	0	0
4307	1	89	1	0	0
4308	1	89	1	0	0
4309	1	89	1	0	0
4310	1	89	1	0	0
4311	1	89	1	0	0
4312	1	89	1	0	0
4313	1	89	1	0	0
4314	1	89	1	0	0
4315	1	89	1	0	0
4316	1	89	1	0	0
4317	1	89	1	0	0
4318	1	89	1	0	0
4319	1	89	1	0	0
4320	1	89	1	0	0
4321	1	89	1	0	0
4322	1	89	1	0	0
4323	1	89	1	0	0
4324	1	89	1	0	0
4325	1	89	1	0	0
4326	1	89	1	0	0
4327	1	89	1	0	0
4328	1	89	1	0	0
4329	1	89	1	0	0
4330	1	89	1	0	0
4331	1	89	1	0	0
4332	1	89	1	0	0
4333	1	89	1	0	0
4334	1	89	1	0	0
4335	1	89	1	0	0
4336	1	89	1	0	0
4337	1	89	1	0	0
4338	1	89	1	0	0
4339	1	89	1	0	0
4340	1	89	1	0	0
4341	1	89	1	0	0
4342	1	89	1	0	0
4343	1	89	1	0	0
4344	1	88	1	0	0
4345	1	88	1	0	0
4346	1	88	1	0	0
4347	1	88	1	0	0
4348	1	88	1	0	0
4349	1	88	1	0	0
4350	1	88	1	0	0
4351	1	88	1	0	0
4352	1	88	1	0	0
4353	1	88	1	0	0
4354	1	88	1	0	0
4355	1	88	1	0	0
4356	1	88	1	0	0
4357	1	88	1	0	0
4358	1	88	1	0	0
4359	1	88	1	0	0
4360	1	88	1	0	0
4361	1	88	1	0	0
4362	1	88	1	0	0
4363	1	88	1	0	0
4364	1	88	1	0	0
4365	1	88	1	0	0
4366	1	88	1	0	0
4367	1	88	1	0	0
4368	1	88	1	0	0
4369	1	88	1	0	0
4370	1	88	1	0	0
4371	1	88	1	0	0
4372	1	88	1	0	0
4373	1	88	1	0	0
4374	1	88	1	0	0
4375	1	88	1	0	0
4376	1	88	1	0	0
4377	1	88	1	0	0
4378	1	88	1	0	0
4379	1	88	1	0	0
4380	1	88	1	0	0
4381	1	88	1	0	0
4382	1	88	1	0	0
4383	1	88	1	0	0
4384	1	88	1	0	0
4385	1	88	1	0	0
4386	1	88	1	0	0
4387	1	88	1	0	0
4388	1	88	1	0	0
4389	1	88	1	0	0
4390	1	88	1	0	0
4391	1	88	1	0	0
4392	1	88	1	0	0
4393	1	88	1	0	0
4394	1	88	1	0	0
4395	1	88	1	0	0
4396	1	88	1	0	0
4397	1	88	1	0	0
4398	1	88	1	0	0
4399	1	88	1	0	0
4400	1	88	1	0	0
4401	1	88	1	0	0
4402	1	88	1	0	0
4403	1	88	1	0	0
4404	1	87	1	0	0
4405	1	87	1	0	0
4406	1	87	1	0	0
4407	1	87	1	0	0
4408	1	87	1	0	0
4409	1	87	1	0	0
4410	1	87	1	0	0
4411	1	87	1	0	0
4412	1	87	1	0	0
4413	1	87	1	0	0
4414	1	87	1	0	0
4415	1	87	1	0	0
4416	1	87	1	0	0
4417	1	87	1	0	0
4418	1	87	1	0	0
4419	1	87	1	0	0
4420	1	87	1	0	0
4421	1	87	1	0	0
4422	1	87	1	0	0
4423	1	87	1	0	0
4424	1	87	1	0	0
4425	1	87	1	0	0
4426	1	87	1	0	0
4427	1	87	1	0	0
4428	1	87	1	0	0
4429	1	87	1	0	0
4430	1	87	1	0	0
4431	1	87	1	0	0
4432	1	87	1	0	0
4433	1	87	1	0	0
4434	1	87	1	0	0
4435	1	87	1	0	0
4436	1	87	1	0	0
4437	1	87	1	0	0
4438	1	87	1	0	0
4439	1	87	1	0	0
4440	1	87	1	0	0
4441	1	87	1	0	0
4442	1	87	1	0	0
4443	1	87	1	0	0
4444	1	87	1	0	0
4445	1	87	1	0	0
4446	1	87	1	0	0
4447	1	87	1	0	0
4448	1	87	1	0	0
4449	1	87	1	0	0
4450	1	86	1	0	0
4451	1	86	1	0	0
4452	1	86	1	0	0
4453	1	86	1	0	0
4454	1	86	1	0	0
4455	1	86	1	0	0
4456	1	86	1	0	0
4457	1	86	1	0	0
4458	1	86	1	0	0
4459	1	86	1	0	0
4460	1	86	1	0	0
4461	1	86	1	0	0
4462	1	86	1	0	0
4463	1	86	1	0	0
4464	1	86	1	0	0
4465	1	86	1	0	0
4466	1	86	1	0	0
4467	1	86	1	0	0
4468	1	86	1	0	0
4469	1	86	1	0	0
4470	1	86	1	0	0
4471	1	86	1	0	0
4472	1	86	1	0	0
4473	1	86	1	0	0
4474	1	86	1	0	0
4475	1	86	1	0	0
4476	1	86	1	0	0
4477	1	86	1	0	0
4478	1	86	1	0	0
4479	1	86	1	0	0
4480	1	86	1	0	0
4481	1	86	1	0	0
4482	1	86	1	0	0
4483	1	86	1	0	0
4484	1	86	1	0	0
4485	1	86	1	0	0
4486	1	86	1	0	0
4487	1	86	1	0	0
4488	1	86	1	0	0
4489	1	86	1	0	0
4490	1	86	1	0	0
4491	1	86	1	0	0
4492	1	86	1	0	0
4493	1	86	1	0	0
4494	1	86	1	0	0
4495	1	86	1	0	0
4496	1	86	1	0	0
4497	1	86	1	0	0
4498	1	86	1	0	0
4499	1	86	1	0	0
4500	1	86	1	0	0
4501	1	86	1	0	0
4502	1	85	1	0	0
4503	1	85	1	0	0
4504	1	85	1	0	0
4505	1	85	1	0	0
4506	1	85	1	0	0
4507	1	85	1	0	0
4508	1	85	1	0	0
4509	1	85	1	0	0
4510	1	85	1	0	0
4511	1	85	1	0	0
4512	1	85	1	0	0
4513	1	85	1	0	0
4514	1	85	1	0	0
4515	1	85	1	0	0
4516	1	85	1	0	0
4517	1	85	1	0	0
4518	1	85	1	0	0
4519	1	85	1	0	0
4520	1	85	1	0	0
4521	1	85	1	0	0
4522	1	85	1	0	0
4523	1	85	1	0	0
4524	1	85	1	0	0
4525	1	85	1	0	0
4526	1	85	1	0	0
4527	1	85	1	0	0
4528	1	85	1	0	0
4529	1	85	1	0	0
4530	1	85	1	0	0
4531	1	85	1	0	0
4532	1	85	1	0	0
4533	1	85	1	0	0
4534	1	85	1	0	0
4535	1	85	1	0	0
4536	1	85	1	0	0
4537	1	85	1	0	0
4538	1	85	1	0	0
4539	1	85	1	0	0
4540	1	85	1	0	0
4541	1	85	1	0	0
4542	1	85	1	0	0
4543	1	85	1	0	0
4544	1	85	1	0	0
4545	1	85	1	0	0
4546	1	85	1	0	0
4547	1	85	1	0	0
4548	1	85	1	0	0
4549	1	85	1	0	0
4550	1	85	1	0	0
4551	1	85	1	0	0
4552	1	85	1	0	0
4553	1	84	1	0	0
4554	1	84	1	0	0
4555	1	84	1	0	0
4556	1	84	1	0	0
4557	1	84	1	0	0
4558	1	84	1	0	0
4559	1	84	1	0	0
4560	1	84	1	0	0
4561	1	84	1	0	0
4562	1	84	1	0	0
4563	1	84	1	0	0
4564	1	84	1	0	0
4565	1	84	1	0	0
4566	1	84	1	0	0
4567	1	84	1	0	0
4568	1	84	1	0	0
4569	1	84	1	0	0
4570	1	84	1	0	0
4571	1	84	1	0	0
4572	1	84	1	0	0
4573	1	84	1	0	0
4574	1	84	1	0	0
4575	1	84	1	0	0
4576	1	84	1	0	0
4577	1	84	1	0	0
4578	1	84	1	0	0
4579	1	84	1	0	0
4580	1	84	1	0	0
4581	1	84	1	0	0
4582	1	84	1	0	0
4583	1	84	1	0	0
4584	1	84	1	0	0
4585	1	84	1	0	0
4586	1	84	1	0	0
4587	1	84	1	0	0
4588	1	84	1	0	0
4589	1	84	1	0	0
4590	1	84	1	0	0
4591	1	84	1	0	0
4592	1	84	1	0	0
4593	1	84	1	0	0
4594	1	84	1	0	0
4595	1	84	1	0	0
4596	1	84	1	0	0
4597	1	84	1	0	0
4598	1	83	1	0	0
4599	1	83	1	0	0
4600	1	83	1	0	0
4601	1	83	1	0	0
4602	1	83	1	0	0
4603	1	83	1	0	0
4604	1	83	1	0	0
4605	1	83	1	0	0
4606	1	83	1	0	0
4607	1	83	1	0	0
4608	1	83	1	0	0
4609	1	83	1	0	0
4610	1	83	1	0	0
4611	1	83	1	0	0
4612	1	83	1	0	0
4613	1	83	1	0	0
4614	1	83	1	0	0
4615	1	83	1	0	0
4616	1	83	1	0	0
4617	1	83	1	0	0
4618	1	83	1	0	0
4619	1	83	1	0	0
4620	1	83	1	0	0
4621	1	83	1	0	0
4622	1	83	1	0	0
4623	1	83	1	0	0
4624	1	83	1	0	0
4625	1	83	1	0	0
4626	1	83	1	0	0
4627	1	83	1	0	0
4628	1	83	1	0	0
4629	1	82	1	0	0
4630	1	82	1	0	0
4631	1	82	1	0	0
4632	1	82	1	0	0
4633	1	82	1	0	0
4634	1	82	1	0	0
4635	1	82	1	0	0
4636	1	82	1	0	0
4637	1	82	1	0	0
4638	1	82	1	0	0
4639	1	82	1	0	0
4640	1	82	1	0	0
4641	1	82	1	0	0
4642	1	82	1	0	0
4643	1	82	1	0	0
4644	1	82	1	0	0
4645	1	82	1	0	0
4646	1	82	1	0	0
4647	1	82	1	0	0
4648	1	82	1	0	0
4649	1	82	1	0	0
4650	1	82	1	0	0
4651	1	82	1	0	0
4652	1	82	1	0	0
4653	1	82	1	0	0
4654	1	82	1	0	0
4655	1	82	1	0	0
4656	1	82	1	0	0
4657	1	82	1	0	0
4658	1	82	1	0	0
4659	1	81	1	0	0
4660	1	81	1	0	0
4661	1	81	1	0	0
4662	1	81	1	0	0
4663	1	81	1	0	0
4664	1	81	1	0	0
4665	1	81	1	0	0
4666	1	81	1	0	0
4667	1	81	1	0	0
4668	1	81	1	0	0
4669	1	81	1	0	0
4670	1	81	1	0	0
4671	1	81	1	0	0
4672	1	81	1	0	0
4673	1	81	1	0	0
4674	1	81	1	0	0
4675	1	81	1	0	0
4676	1	81	1	0	0
4677	1	81	1	0	0
4678	1	81	1	0	0
4679	1	81	1	0	0
4680	1	81	1	0	0
4681	1	81	1	0	0
4682	1	81	1	0	0
4683	1	81	1	0	0
4684	1	81	1	0	0
4685	1	81	1	0	0
4686	1	81	1	0	0
4687	1	80	1	0	0
4688	1	80	1	0	0
4689	1	80	1	0	0
4690	1	80	1	0	0
4691	1	80	1	0	0
4692	1	80	1	0	0
4693	1	80	1	0	0
4694	1	80	1	0	0
4695	1	80	1	0	0
4696	1	80	1	0	0
4697	1	80	1	0	0
4698	1	80	1	0	0
4699	1	80	1	0	0
4700	1	80	1	0	0
4701	1	80	1	0	0
4702	1	80	1	0	0
4703	1	80	1	0	0
4704	1	80	1	0	0
4705	1	80	1	0	0
4706	1	80	1	0	0
4707	1	80	1	0	0
4708	1	80	1	0	0
4709	1	80	1	0	0
4710	1	80	1	0	0
4711	1	80	1	0	0
4712	1	80	1	0	0
4713	1	80	1	0	0
4714	1	79	1	0	0
4715	1	79	1	0	0
4716	1	79	1	0	0
4717	1	79	1	0	0
4718	1	79	1	0	0
4719	1	79	1	0	0
4720	1	79	1	0	0
4721	1	79	1	0	0
4722	1	79	1	0	0
4723	1	79	1	0	0
4724	1	79	1	0	0
4725	1	79	1	0	0
4726	1	79	1	0	0
4727	1	79	1	0	0
4728	1	79	1	0	0
4729	1	79	1	0	0
4730	1	79	1	0	0
4731	1	79	1	0	0
4732	1	79	1	0	0
4733	1	79	1	0	0
4734	1	79	1	0	0
4735	1	79	1	0	0
4736	1	79	1	0	0
4737	1	79	1	0	0
4738	1	79	1	0	0
4739	1	79	1	0	0
4740	1	78	1	0	0
4741	1	78	1	0	0
4742	1	78	1	0	0
4743	1	78	1	0	0
4744	1	78	1	0	0
4745	1	78	1	0	0
4746	1	78	1	0	0
4747	1	78	1	0	0
4748	1	78	1	0	0
4749	1	78	1	0	0
4750	1	78	1	0	0
4751	1	78	1	0	0
4752	1	78	1	0	0
4753	1	78	1	0	0
4754	1	78	1	0	0
4755	1	78	1	0	0
4756	1	78	1	0	0
4757	1	78	1	0	0
4758	1	77	1	0	0
4759	1	77	1	0	0
4760	1	77	1	0	0
4761	1	77	1	0	0
4762	1	77	1	0	0
4763	1	77	1	0	0
4764	1	77	1	0	0
4765	1	77	1	0	0
4766	1	77	1	0	0
4767	1	77	1	0	0
4768	1	77	1	0	0
4769	1	77	1	0	0
4770	1	77	1	0	0
4771	1	77	1	0	0
4772	1	77	1	0	0
4773	1	77	1	0	0
4774	1	77	1	0	0
4775	1	77	1	0	0
4776	1	77	1	0	0
4777	1	77	1	0	0
4778	1	77	1	0	0
4779	1	77	1	0	0
4780	1	76	1	0	0
4781	1	76	1	0	0
4782	1	76	1	0	0
4783	1	76	1	0	0
4784	1	76	1	0	0
4785	1	76	1	0	0
4786	1	76	1	0	0
4787	1	76	1	0	0
4788	1	76	1	0	0
4789	1	76	1	0	0
4790	1	76	1	0	0
4791	1	76	1	0	0
4792	1	76	1	0	0
4793	1	76	1	0	0
4794	1	75	1	0	0
4795	1	75	1	0	0
4796	1	75	1	0	0
4797	1	75	1	0	0
4798	1	75	1	0	0
4799	1	75	1	0	0
4800	1	75	1	0	0
4801	1	75	1	0	0
4802	1	75	1	0	0
4803	1	75	1	0	0
4804	1	75	1	0	0
4805	1	75	1	0	0
4806	1	75	1	0	0
4807	1	75	1	0	0
4808	1	75	1	0	0
4809	1	74	1	0	0
4810	1	74	1	0	0
4811	1	74	1	0	0
4812	1	74	1	0	0
4813	1	74	1	0	0
4814	1	74	1	0	0
4815	1	74	1	0	0
4816	1	74	1	0	0
4817	1	74	1	0	0
4818	1	74	1	0	0
4819	1	74	1	0	0
4820	1	73	1	0	0
4821	1	73	1	0	0
4822	1	73	1	0	0
4823	1	73	1	0	0
4824	1	73	1	0	0
4825	1	73	1	0	0
4826	1	73	1	0	0
4827	1	73	1	0	0
4828	1	73	1	0	0
4829	1	73	1	0	0
4830	1	73	1	0	0
4831	1	73	1	0	0
4832	1	73	1	0	0
4833	1	72	1	0	0
4834	1	72	1	0	0
4835	1	72	1	0	0
4836	1	72	1	0	0
4837	1	72	1	0	0
4838	1	72	1	0	0
4839	1	71	1	0	0
4840	1	71	1	0	0
4841	1	71	1	0	0
4842	1	71	1	0	0
4843	1	71	1	0	0
4844	1	71	1	0	0
4845	1	71	1	0	0
4846	1	70	1	0	0
4847	1	70	1	0	0
4848	1	69	1	0	0
4849	1	68	1	0	0
4850	1	68	1	0	0
4851	1	68	1	0	0
4852	1	68	1	0	0
4853	1	68	1	0	0
4854	1	67	1	0	0
4855	1	66	1	0	0
4856	1	65	1	0	0
4857	1	65	1	0	0
4858	1	65	1	0	0
4859	1	64	1	0	0
4860	1	64	1	0	0
4861	1	63	1	0	0
4862	1	60	1	0	0
4863	1	59	1	0	0
